   4.438178E+01
   4.424026E+01
   4.391640E+01
   4.340033E+01
   4.283239E+01
   4.218721E+01
   4.139732E+01
   4.071316E+01
   3.989504E+01
   3.902101E+01
   3.807170E+01
   3.707510E+01
   3.595743E+01
   3.595743E+01
   3.622366E+01
   3.563164E+01
   3.467691E+01
   3.467691E+01
   3.467691E+01
   3.467691E+01
   3.467691E+01
   3.467691E+01
   3.467691E+01
   3.467691E+01
   3.467691E+01
   3.467691E+01
   3.467691E+01
   3.467691E+01
   3.467691E+01
   3.467691E+01
   3.467691E+01
   3.467691E+01
   3.467691E+01
   3.467691E+01
   3.467691E+01
   3.467691E+01
   3.467691E+01
   3.467691E+01
   3.467691E+01
   3.467691E+01
   3.467691E+01
   3.467691E+01
   3.467691E+01
   3.467691E+01
   3.467691E+01
   3.467691E+01
   3.467691E+01
   3.467691E+01
   3.515427E+01
   3.491559E+01
   3.479625E+01
   3.471622E+01
   3.479483E+01
   3.471480E+01
   3.491276E+01
   3.479342E+01
   3.471339E+01
   3.479200E+01
   3.471197E+01
   3.514861E+01
   3.490993E+01
   3.479059E+01
   3.471056E+01
   3.478917E+01
   3.470914E+01
   3.490710E+01
   3.478776E+01
   3.470773E+01
   3.478634E+01
   3.470631E+01
   3.469427E+01
   3.473183E+01
   3.469144E+01
   3.472900E+01
   3.478675E+01
   3.468861E+01
   3.472617E+01
   3.468578E+01
   3.472334E+01
   3.478109E+01
   3.497738E+01
   3.497738E+01
   3.489660E+01
   3.503521E+01
   3.528879E+01
   3.558048E+01
   3.577886E+01
   3.590110E+01
   3.597439E+01
   4.444953E+01
   4.429170E+01
   4.395636E+01
   4.341426E+01
   4.289002E+01
   4.222871E+01
   4.142994E+01
   4.070155E+01
   3.989621E+01
   3.894015E+01
   3.798617E+01
   3.702234E+01
   3.621140E+01
   3.561938E+01
   3.617767E+01
   3.560908E+01
   3.514295E+01
   3.490427E+01
   3.478493E+01
   3.470489E+01
   3.478351E+01
   3.470348E+01
   3.490144E+01
   3.478210E+01
   3.470206E+01
   3.478068E+01
   3.470065E+01
   3.513682E+01
   3.489861E+01
   3.473854E+01
   3.489554E+01
   3.473571E+01
   3.468295E+01
   3.472051E+01
   3.467144E+01
   3.469022E+01
   3.467002E+01
   3.468880E+01
   3.471768E+01
   3.477543E+01
   3.466861E+01
   3.468739E+01
   3.466719E+01
   3.468597E+01
   3.471485E+01
   3.466578E+01
   3.468456E+01
   3.466436E+01
   3.467971E+01
   3.470515E+01
   3.475603E+01
   3.513167E+01
   3.489297E+01
   3.473314E+01
   3.489088E+01
   3.473105E+01
   3.512750E+01
   3.480784E+01
   3.465332E+01
   3.466866E+01
   3.465227E+01
   3.465142E+01
   3.468401E+01
   3.469935E+01
   3.466676E+01
   3.468211E+01
   3.465028E+01
   3.464952E+01
   3.466487E+01
   3.464848E+01
   3.464763E+01
   3.471375E+01
   3.474444E+01
   3.467926E+01
   3.470995E+01
   3.464819E+01
   3.464744E+01
   3.464658E+01
   3.464639E+01
   3.464554E+01
   3.464611E+01
   3.464535E+01
   3.464450E+01
   3.464431E+01
   3.464345E+01
   3.464478E+01
   3.467547E+01
   3.464364E+01
   3.464279E+01
   3.464260E+01
   3.464175E+01
   3.464099E+01
   3.485780E+01
   3.499642E+01
   3.477323E+01
   3.483461E+01
   3.470426E+01
   3.476564E+01
   3.490805E+01
   3.520873E+01
   3.553333E+01
   3.576736E+01
   3.589275E+01
   3.596515E+01
   4.456555E+01
   4.440720E+01
   4.404250E+01
   4.348300E+01
   4.297025E+01
   4.228684E+01
   4.144578E+01
   4.071752E+01
   3.984263E+01
   3.887779E+01
   3.785739E+01
   3.691193E+01
   3.612544E+01
   3.555685E+01
   3.610205E+01
   3.553346E+01
   3.512333E+01
   3.480366E+01
   3.509721E+01
   3.479949E+01
   3.464402E+01
   3.464231E+01
   3.464193E+01
   3.464023E+01
   3.464155E+01
   3.464070E+01
   3.464051E+01
   3.463966E+01
   3.463890E+01
   3.463947E+01
   3.463861E+01
   3.463842E+01
   3.463757E+01
   3.463776E+01
   3.463691E+01
   3.463672E+01
   3.463586E+01
   3.463795E+01
   3.463643E+01
   3.463567E+01
   3.463482E+01
   3.463463E+01
   3.463378E+01
   3.463435E+01
   3.463359E+01
   3.463273E+01
   3.463254E+01
   3.463169E+01
   3.493801E+01
   3.468607E+01
   3.465840E+01
   3.465670E+01
   3.470861E+01
   3.470690E+01
   3.478648E+01
   3.478307E+01
   3.463719E+01
   3.466788E+01
   3.463511E+01
   3.463340E+01
   3.469668E+01
   3.463302E+01
   3.463131E+01
   3.463188E+01
   3.463103E+01
   3.463084E+01
   3.462998E+01
   3.462923E+01
   3.462771E+01
   3.477012E+01
   3.464287E+01
   3.464201E+01
   3.466797E+01
   3.466712E+01
   3.464116E+01
   3.464031E+01
   3.466626E+01
   3.466541E+01
   3.470520E+01
   3.469137E+01
   3.469051E+01
   3.471647E+01
   3.471562E+01
   3.465158E+01
   3.464987E+01
   3.468966E+01
   3.468881E+01
   3.471476E+01
   3.468756E+01
   3.464738E+01
   3.475541E+01
   3.475370E+01
   3.480561E+01
   3.475121E+01
   3.471352E+01
   3.468632E+01
   3.471227E+01
   3.468507E+01
   3.465911E+01
   3.463191E+01
   3.465787E+01
   3.463067E+01
   3.469680E+01
   3.465662E+01
   3.462942E+01
   3.465538E+01
   3.462817E+01
   3.467442E+01
   3.479967E+01
   3.464418E+01
   3.469717E+01
   3.464169E+01
   3.469468E+01
   3.477542E+01
   3.502063E+01
   3.523453E+01
   3.497543E+01
   3.518933E+01
   3.547951E+01
   3.572928E+01
   3.586793E+01
   3.594544E+01
   4.479425E+01
   4.460827E+01
   4.421159E+01
   4.362408E+01
   4.306669E+01
   4.238697E+01
   4.148180E+01
   4.067378E+01
   3.977943E+01
   3.862339E+01
   3.762185E+01
   3.673252E+01
   3.583935E+01
   3.513884E+01
   3.493539E+01
   3.522274E+01
   3.491389E+01
   3.477467E+01
   3.469431E+01
   3.465413E+01
   3.462693E+01
   3.465289E+01
   3.462568E+01
   3.469182E+01
   3.465164E+01
   3.462444E+01
   3.465039E+01
   3.462319E+01
   3.476969E+01
   3.468933E+01
   3.463492E+01
   3.468684E+01
   3.463243E+01
   3.463920E+01
   3.469219E+01
   3.462408E+01
   3.465058E+01
   3.462284E+01
   3.464933E+01
   3.468970E+01
   3.477043E+01
   3.462159E+01
   3.464809E+01
   3.462035E+01
   3.464684E+01
   3.468721E+01
   3.461910E+01
   3.464560E+01
   3.461786E+01
   3.464435E+01
   3.468472E+01
   3.476545E+01
   3.475894E+01
   3.468146E+01
   3.462706E+01
   3.467320E+01
   3.462421E+01
   3.474242E+01
   3.464443E+01
   3.461678E+01
   3.464327E+01
   3.461535E+01
   3.464235E+01
   3.466977E+01
   3.469626E+01
   3.466885E+01
   3.469535E+01
   3.462671E+01
   3.466793E+01
   3.469443E+01
   3.466651E+01
   3.469351E+01
   3.473555E+01
   3.478854E+01
   3.473372E+01
   3.478671E+01
   3.462386E+01
   3.466508E+01
   3.469209E+01
   3.466366E+01
   3.469066E+01
   3.462101E+01
   3.466223E+01
   3.468924E+01
   3.466081E+01
   3.468781E+01
   3.473188E+01
   3.478487E+01
   3.472903E+01
   3.478304E+01
   3.492692E+01
   3.514082E+01
   3.486711E+01
   3.497309E+01
   3.486345E+01
   3.496943E+01
   3.511653E+01
   3.544874E+01
   3.569130E+01
   3.583642E+01
   3.591259E+01
   4.512812E+01
   4.488603E+01
   4.443927E+01
   4.383842E+01
   4.320530E+01
   4.244215E+01
   4.155576E+01
   4.069433E+01
   3.950044E+01
   3.836883E+01
   3.739772E+01
   3.653470E+01
   3.566937E+01
   3.518970E+01
   3.488086E+01
   3.504371E+01
   3.486580E+01
   3.473672E+01
   3.463873E+01
   3.473102E+01
   3.465895E+01
   3.460995E+01
   3.465610E+01
   3.460710E+01
   3.461816E+01
   3.465938E+01
   3.468639E+01
   3.465796E+01
   3.468496E+01
   3.461531E+01
   3.465653E+01
   3.468354E+01
   3.465511E+01
   3.468211E+01
   3.472618E+01
   3.478019E+01
   3.472333E+01
   3.477734E+01
   3.461246E+01
   3.465368E+01
   3.468069E+01
   3.465225E+01
   3.467926E+01
   3.459682E+01
   3.462382E+01
   3.459539E+01
   3.462240E+01
   3.465083E+01
   3.467783E+01
   3.464940E+01
   3.467641E+01
   3.472048E+01
   3.477449E+01
   3.471763E+01
   3.477164E+01
   3.472349E+01
   3.465233E+01
   3.460334E+01
   3.464765E+01
   3.459866E+01
   3.471413E+01
   3.464298E+01
   3.459398E+01
   3.463830E+01
   3.460272E+01
   3.457822E+01
   3.460038E+01
   3.457588E+01
   3.459477E+01
   3.462178E+01
   3.459243E+01
   3.462195E+01
   3.466237E+01
   3.459009E+01
   3.461962E+01
   3.458775E+01
   3.461728E+01
   3.466273E+01
   3.474357E+01
   3.458541E+01
   3.461494E+01
   3.458307E+01
   3.461260E+01
   3.465805E+01
   3.458073E+01
   3.461026E+01
   3.457840E+01
   3.460792E+01
   3.465337E+01
   3.474428E+01
   3.485978E+01
   3.496576E+01
   3.485408E+01
   3.496210E+01
   3.510919E+01
   3.490595E+01
   3.510624E+01
   3.538235E+01
   3.564601E+01
   3.579254E+01
   3.586961E+01
   4.546943E+01
   4.529125E+01
   4.479320E+01
   4.409019E+01
   4.335452E+01
   4.251592E+01
   4.155879E+01
   4.049377E+01
   3.943269E+01
   3.812743E+01
   3.705013E+01
   3.618406E+01
   3.559106E+01
   3.518484E+01
   3.538116E+01
   3.507759E+01
   3.490404E+01
   3.489551E+01
   3.472195E+01
   3.483773E+01
   3.471349E+01
   3.470913E+01
   3.461051E+01
   3.463298E+01
   3.463080E+01
   3.458149E+01
   3.457931E+01
   3.473048E+01
   3.455693E+01
   3.463731E+01
   3.455053E+01
   3.454627E+01
   3.454462E+01
   3.454889E+01
   3.454724E+01
   3.454487E+01
   3.454405E+01
   3.454191E+01
   3.454109E+01
   3.454322E+01
   3.454240E+01
   3.454027E+01
   3.453945E+01
   3.457345E+01
   3.457127E+01
   3.456754E+01
   3.459184E+01
   3.459075E+01
   3.458888E+01
   3.460409E+01
   3.456909E+01
   3.456078E+01
   3.455969E+01
   3.457413E+01
   3.457304E+01
   3.458966E+01
   3.458857E+01
   3.460300E+01
   3.460191E+01
   3.458748E+01
   3.458639E+01
   3.460082E+01
   3.459973E+01
   3.455551E+01
   3.457072E+01
   3.455255E+01
   3.456776E+01
   3.458593E+01
   3.460114E+01
   3.458297E+01
   3.459819E+01
   3.454960E+01
   3.456481E+01
   3.454664E+01
   3.456186E+01
   3.458615E+01
   3.462248E+01
   3.462030E+01
   3.461657E+01
   3.464700E+01
   3.473161E+01
   3.468261E+01
   3.468012E+01
   3.467794E+01
   3.463362E+01
   3.459804E+01
   3.457354E+01
   3.459570E+01
   3.457120E+01
   3.464236E+01
   3.461786E+01
   3.464002E+01
   3.461552E+01
   3.459336E+01
   3.456886E+01
   3.459102E+01
   3.456653E+01
   3.462862E+01
   3.462644E+01
   3.457713E+01
   3.458837E+01
   3.458728E+01
   3.456262E+01
   3.456153E+01
   3.463768E+01
   3.461318E+01
   3.461193E+01
   3.461084E+01
   3.457527E+01
   3.458619E+01
   3.458510E+01
   3.456044E+01
   3.455935E+01
   3.457059E+01
   3.458965E+01
   3.464869E+01
   3.458497E+01
   3.464401E+01
   3.473492E+01
   3.460747E+01
   3.472557E+01
   3.455860E+01
   3.455751E+01
   3.457195E+01
   3.457086E+01
   3.455642E+01
   3.455533E+01
   3.456977E+01
   3.456868E+01
   3.459142E+01
   3.458924E+01
   3.456037E+01
   3.455819E+01
   3.458706E+01
   3.458488E+01
   3.463038E+01
   3.462602E+01
   3.462949E+01
   3.474758E+01
   3.468288E+01
   3.480097E+01
   3.490738E+01
   3.510767E+01
   3.495142E+01
   3.509697E+01
   3.535711E+01
   3.558514E+01
   3.574465E+01
   3.582458E+01
   4.582793E+01
   4.569756E+01
   4.529720E+01
   4.430669E+01
   4.346782E+01
   4.247438E+01
   4.142699E+01
   4.030165E+01
   3.912112E+01
   3.775850E+01
   3.673664E+01
   3.608134E+01
   3.563266E+01
   3.592501E+01
   3.544317E+01
   3.501699E+01
   3.471342E+01
   3.462878E+01
   3.454200E+01
   3.453774E+01
   3.453609E+01
   3.453134E+01
   3.453183E+01
   3.453207E+01
   3.453125E+01
   3.452912E+01
   3.452830E+01
   3.452592E+01
   3.452617E+01
   3.452534E+01
   3.452321E+01
   3.452239E+01
   3.498512E+01
   3.467729E+01
   3.497771E+01
   3.466988E+01
   3.452440E+01
   3.452276E+01
   3.452070E+01
   3.451905E+01
   3.452112E+01
   3.452081E+01
   3.451999E+01
   3.451896E+01
   3.451814E+01
   3.451875E+01
   3.451793E+01
   3.451690E+01
   3.451607E+01
   3.451711E+01
   3.451628E+01
   3.451525E+01
   3.451443E+01
   3.451699E+01
   3.451535E+01
   3.451329E+01
   3.451165E+01
   3.451504E+01
   3.451422E+01
   3.451319E+01
   3.451237E+01
   3.451206E+01
   3.451134E+01
   3.451052E+01
   3.450949E+01
   3.450867E+01
   3.450836E+01
   3.454036E+01
   3.454060E+01
   3.453978E+01
   3.453765E+01
   3.453683E+01
   3.453634E+01
   3.453552E+01
   3.453338E+01
   3.453256E+01
   3.453470E+01
   3.453387E+01
   3.453174E+01
   3.453092E+01
   3.453896E+01
   3.453814E+01
   3.453601E+01
   3.453518E+01
   3.453543E+01
   3.453116E+01
   3.452952E+01
   3.453043E+01
   3.452961E+01
   3.452748E+01
   3.452665E+01
   3.452690E+01
   3.452263E+01
   3.452099E+01
   3.452148E+01
   3.454982E+01
   3.458024E+01
   3.454391E+01
   3.457433E+01
   3.462292E+01
   3.455026E+01
   3.461111E+01
   3.451783E+01
   3.451619E+01
   3.451413E+01
   3.451248E+01
   3.451187E+01
   3.450775E+01
   3.453089E+01
   3.459380E+01
   3.470828E+01
   3.482202E+01
   3.471549E+01
   3.483008E+01
   3.506693E+01
   3.533955E+01
   3.554674E+01
   3.569490E+01
   3.576972E+01
   4.634030E+01
   4.624573E+01
   4.612467E+01
   4.612467E+01
   4.346782E+01
   4.247438E+01
   4.085979E+01
   4.010049E+01
   3.859938E+01
   3.733301E+01
   3.642483E+01
   3.580457E+01
   3.532272E+01
   3.569180E+01
   3.523861E+01
   3.497031E+01
   3.466247E+01
   3.491008E+01
   3.465507E+01
   3.450959E+01
   3.450794E+01
   3.450588E+01
   3.450424E+01
   3.450764E+01
   3.450682E+01
   3.450579E+01
   3.450496E+01
   3.450466E+01
   3.450393E+01
   3.450311E+01
   3.450208E+01
   3.450787E+01
   3.451417E+01
   3.450218E+01
   3.450187E+01
   3.450105E+01
   3.450002E+01
   3.450581E+01
   3.449848E+01
   3.450478E+01
   3.451056E+01
   3.450953E+01
   3.451532E+01
   3.450684E+01
   3.451262E+01
   3.451159E+01
   3.451738E+01
   3.452368E+01
   3.452162E+01
   3.453319E+01
   3.486803E+01
   3.461301E+01
   3.484414E+01
   3.460742E+01
   3.449528E+01
   3.450793E+01
   3.451372E+01
   3.449998E+01
   3.450576E+01
   3.449248E+01
   3.449202E+01
   3.449781E+01
   3.449062E+01
   3.448985E+01
   3.451842E+01
   3.452999E+01
   3.450251E+01
   3.451408E+01
   3.448968E+01
   3.448923E+01
   3.448845E+01
   3.448783E+01
   3.448706E+01
   3.448689E+01
   3.448643E+01
   3.448566E+01
   3.448503E+01
   3.448426E+01
   3.448660E+01
   3.449817E+01
   3.448380E+01
   3.448226E+01
   3.452677E+01
   3.454991E+01
   3.454579E+01
   3.456893E+01
   3.463184E+01
   3.453939E+01
   3.456253E+01
   3.450757E+01
   3.453071E+01
   3.460962E+01
   3.479570E+01
   3.497562E+01
   3.512117E+01
   3.496419E+01
   3.508760E+01
   3.528934E+01
   3.549873E+01
   3.563218E+01
   3.570596E+01
   4.679756E+01
   4.675091E+01
   4.668094E+01
   4.668094E+01
   4.346782E+01
   4.085979E+01
   4.085979E+01
   4.010049E+01
   3.757169E+01
   3.688954E+01
   3.621466E+01
   3.564403E+01
   3.519084E+01
   3.557638E+01
   3.520658E+01
   3.483855E+01
   3.460183E+01
   3.483296E+01
   3.459623E+01
   3.448409E+01
   3.448363E+01
   3.448286E+01
   3.448224E+01
   3.448146E+01
   3.448130E+01
   3.448084E+01
   3.448007E+01
   3.447944E+01
   3.447867E+01
   3.448101E+01
   3.447946E+01
   3.447821E+01
   3.447667E+01
   3.447850E+01
   3.447804E+01
   3.447727E+01
   3.447664E+01
   3.447587E+01
   3.447570E+01
   3.447525E+01
   3.447447E+01
   3.447385E+01
   3.447308E+01
   3.447541E+01
   3.447387E+01
   3.447370E+01
   3.447293E+01
   3.447230E+01
   3.447153E+01
   3.447107E+01
   3.484083E+01
   3.460411E+01
   3.486216E+01
   3.471448E+01
   3.450190E+01
   3.450036E+01
   3.455709E+01
   3.455554E+01
   3.448540E+01
   3.448463E+01
   3.451300E+01
   3.451222E+01
   3.449727E+01
   3.454059E+01
   3.453982E+01
   3.456818E+01
   3.456741E+01
   3.455246E+01
   3.461227E+01
   3.461073E+01
   3.466746E+01
   3.466592E+01
   3.459578E+01
   3.459501E+01
   3.462337E+01
   3.462260E+01
   3.459423E+01
   3.459346E+01
   3.462183E+01
   3.462106E+01
   3.466437E+01
   3.464942E+01
   3.464865E+01
   3.467701E+01
   3.467624E+01
   3.447575E+01
   3.449889E+01
   3.447016E+01
   3.446707E+01
   3.454597E+01
   3.452255E+01
   3.451946E+01
   3.460610E+01
   3.460456E+01
   3.464788E+01
   3.464711E+01
   3.467547E+01
   3.464626E+01
   3.460287E+01
   3.451609E+01
   3.445882E+01
   3.451535E+01
   3.445545E+01
   3.445100E+01
   3.465903E+01
   3.478442E+01
   3.456797E+01
   3.469336E+01
   3.490107E+01
   3.496424E+01
   3.487435E+01
   3.493268E+01
   3.496426E+01
   3.491932E+01
   3.494848E+01
   3.496427E+01
   3.494180E+01
   3.495902E+01
   3.502594E+01
   3.508618E+01
   3.499512E+01
   3.502523E+01
   3.497970E+01
   3.499476E+01
   3.497445E+01
   3.499023E+01
   3.501617E+01
   3.506805E+01
   3.482882E+01
   3.489656E+01
   3.493042E+01
   3.494764E+01
   3.491433E+01
   3.493851E+01
   3.486438E+01
   3.491273E+01
   3.476448E+01
   3.486118E+01
   3.496857E+01
   3.498435E+01
   3.495944E+01
   3.497714E+01
   3.500442E+01
   3.495460E+01
   3.498998E+01
   3.504455E+01
   3.494491E+01
   3.501568E+01
   3.517182E+01
   3.528730E+01
   3.512482E+01
   3.523739E+01
   3.541457E+01
   3.555545E+01
   3.562392E+01
   4.721906E+01
   4.716763E+01
   4.714571E+01
   4.714571E+01
   4.714571E+01
   4.085979E+01
   4.085979E+01
   3.757169E+01
   3.757169E+01
   3.644134E+01
   3.603964E+01
   3.550730E+01
   3.495388E+01
   3.474947E+01
   3.471956E+01
   3.471802E+01
   3.477475E+01
   3.471633E+01
   3.485984E+01
   3.474301E+01
   3.508703E+01
   3.485443E+01
   3.467463E+01
   3.464542E+01
   3.467378E+01
   3.464458E+01
   3.461621E+01
   3.458700E+01
   3.461537E+01
   3.458616E+01
   3.465791E+01
   3.461452E+01
   3.458531E+01
   3.461368E+01
   3.458447E+01
   3.454277E+01
   3.448435E+01
   3.455611E+01
   3.452690E+01
   3.455526E+01
   3.452605E+01
   3.448266E+01
   3.465623E+01
   3.459781E+01
   3.465454E+01
   3.459612E+01
   3.455442E+01
   3.452521E+01
   3.455357E+01
   3.452437E+01
   3.449600E+01
   3.446679E+01
   3.449516E+01
   3.446595E+01
   3.453770E+01
   3.447929E+01
   3.445403E+01
   3.445181E+01
   3.445234E+01
   3.445012E+01
   3.444763E+01
   3.445163E+01
   3.445052E+01
   3.445079E+01
   3.444968E+01
   3.444843E+01
   3.444994E+01
   3.444883E+01
   3.444910E+01
   3.444799E+01
   3.444772E+01
   3.444661E+01
   3.444688E+01
   3.444577E+01
   3.444621E+01
   3.444399E+01
   3.444550E+01
   3.444439E+01
   3.444466E+01
   3.444355E+01
   3.444230E+01
   3.465183E+01
   3.453500E+01
   3.470652E+01
   3.460340E+01
   3.444701E+01
   3.444479E+01
   3.448121E+01
   3.444256E+01
   3.444368E+01
   3.444257E+01
   3.444256E+01
   3.444145E+01
   3.444146E+01
   3.444034E+01
   3.444034E+01
   3.443923E+01
   3.444034E+01
   3.443811E+01
   3.451318E+01
   3.443588E+01
   3.444319E+01
   3.449972E+01
   3.444177E+01
   3.443954E+01
   3.444008E+01
   3.443786E+01
   3.443537E+01
   3.456467E+01
   3.443923E+01
   3.443812E+01
   3.443812E+01
   3.443701E+01
   3.443590E+01
   3.443700E+01
   3.443589E+01
   3.443589E+01
   3.443478E+01
   3.443478E+01
   3.443367E+01
   3.443367E+01
   3.443256E+01
   3.443368E+01
   3.443145E+01
   3.443145E+01
   3.442923E+01
   3.443366E+01
   3.443255E+01
   3.443144E+01
   3.443144E+01
   3.443033E+01
   3.443143E+01
   3.443032E+01
   3.442921E+01
   3.442921E+01
   3.442810E+01
   3.442922E+01
   3.442700E+01
   3.442810E+01
   3.442699E+01
   3.442699E+01
   3.442588E+01
   3.442477E+01
   3.447758E+01
   3.457428E+01
   3.447312E+01
   3.456983E+01
   3.475807E+01
   3.492554E+01
   3.471711E+01
   3.485551E+01
   3.510133E+01
   3.531814E+01
   3.547038E+01
   3.554112E+01
   4.754400E+01
   4.750583E+01
   4.748481E+01
   4.748481E+01
   4.748481E+01
   4.748481E+01
   3.757169E+01
   3.623914E+01
   3.623914E+01
   3.623914E+01
   3.599340E+01
   3.567438E+01
   3.542795E+01
   3.571379E+01
   3.551687E+01
   3.522695E+01
   3.511119E+01
   3.528164E+01
   3.518115E+01
   3.512326E+01
   3.520849E+01
   3.515824E+01
   3.512930E+01
   3.517192E+01
   3.514298E+01
   3.499489E+01
   3.487805E+01
   3.506511E+01
   3.500670E+01
   3.510023E+01
   3.507102E+01
   3.511390E+01
   3.508812E+01
   3.504090E+01
   3.494645E+01
   3.532611E+01
   3.523072E+01
   3.518303E+01
   3.515409E+01
   3.519159E+01
   3.516265E+01
   3.524784E+01
   3.518996E+01
   3.536034E+01
   3.524458E+01
   3.512673E+01
   3.510095E+01
   3.513529E+01
   3.510951E+01
   3.506656E+01
   3.513524E+01
   3.508367E+01
   3.499777E+01
   3.513513E+01
   3.503200E+01
   3.475756E+01
   3.458158E+01
   3.450428E+01
   3.464998E+01
   3.457268E+01
   3.486019E+01
   3.467888E+01
   3.442920E+01
   3.442698E+01
   3.446340E+01
   3.442475E+01
   3.442587E+01
   3.442476E+01
   3.442476E+01
   3.442365E+01
   3.442254E+01
   3.442364E+01
   3.442253E+01
   3.442253E+01
   3.442142E+01
   3.442142E+01
   3.442031E+01
   3.442031E+01
   3.441920E+01
   3.449538E+01
   3.442030E+01
   3.441919E+01
   3.441808E+01
   3.441808E+01
   3.441697E+01
   3.445450E+01
   3.441696E+01
   3.441585E+01
   3.443406E+01
   3.441474E+01
   3.444560E+01
   3.449395E+01
   3.444337E+01
   3.449173E+01
   3.456537E+01
   3.444115E+01
   3.448950E+01
   3.442739E+01
   3.445156E+01
   3.442627E+01
   3.444318E+01
   3.447273E+01
   3.453184E+01
   3.454625E+01
   3.447994E+01
   3.444129E+01
   3.449661E+01
   3.443832E+01
   3.457960E+01
   3.446301E+01
   3.442134E+01
   3.443825E+01
   3.441985E+01
   3.443676E+01
   3.446287E+01
   3.441837E+01
   3.443528E+01
   3.441688E+01
   3.443379E+01
   3.445219E+01
   3.446909E+01
   3.445070E+01
   3.446761E+01
   3.449668E+01
   3.453050E+01
   3.449371E+01
   3.452753E+01
   3.442311E+01
   3.444922E+01
   3.446612E+01
   3.444773E+01
   3.446464E+01
   3.442014E+01
   3.444625E+01
   3.446316E+01
   3.444476E+01
   3.446167E+01
   3.449074E+01
   3.452456E+01
   3.448006E+01
   3.449697E+01
   3.447858E+01
   3.449549E+01
   3.452159E+01
   3.465005E+01
   3.478845E+01
   3.457974E+01
   3.464737E+01
   3.457380E+01
   3.457092E+01
   3.471582E+01
   3.497135E+01
   3.520766E+01
   3.536991E+01
   3.545351E+01
   4.773856E+01
   4.773874E+01
   4.773089E+01
   4.773089E+01
   4.773089E+01
   4.773089E+01
   3.630989E+01
   3.630989E+01
   3.630989E+01
   3.616528E+01
   3.596706E+01
   3.566496E+01
   3.535381E+01
   3.513492E+01
   3.538742E+01
   3.518523E+01
   3.492689E+01
   3.474558E+01
   3.497721E+01
   3.477068E+01
   3.457366E+01
   3.445708E+01
   3.456773E+01
   3.445114E+01
   3.441717E+01
   3.445099E+01
   3.441420E+01
   3.444802E+01
   3.447709E+01
   3.449400E+01
   3.447561E+01
   3.449252E+01
   3.451862E+01
   3.447413E+01
   3.449103E+01
   3.447264E+01
   3.447192E+01
   3.448040E+01
   3.441124E+01
   3.444505E+01
   3.440827E+01
   3.440683E+01
   3.445353E+01
   3.445281E+01
   3.443442E+01
   3.443370E+01
   3.444218E+01
   3.441531E+01
   3.441459E+01
   3.439619E+01
   3.439548E+01
   3.440395E+01
   3.458028E+01
   3.446369E+01
   3.461132E+01
   3.452429E+01
   3.438829E+01
   3.438685E+01
   3.441859E+01
   3.438511E+01
   3.438620E+01
   3.438548E+01
   3.438533E+01
   3.438462E+01
   3.438397E+01
   3.438447E+01
   3.438375E+01
   3.438360E+01
   3.438288E+01
   3.438303E+01
   3.438231E+01
   3.438216E+01
   3.438144E+01
   3.444730E+01
   3.438193E+01
   3.438129E+01
   3.438057E+01
   3.438042E+01
   3.437970E+01
   3.441223E+01
   3.437955E+01
   3.437883E+01
   3.439470E+01
   3.437796E+01
   3.449735E+01
   3.449448E+01
   3.442091E+01
   3.441803E+01
   3.456293E+01
   3.438253E+01
   3.438110E+01
   3.438079E+01
   3.437936E+01
   3.437807E+01
   3.437906E+01
   3.437762E+01
   3.437811E+01
   3.437739E+01
   3.437724E+01
   3.437652E+01
   3.437588E+01
   3.437459E+01
   3.448300E+01
   3.481081E+01
   3.507262E+01
   3.526481E+01
   3.535454E+01
   4.787542E+01
   4.787922E+01
   4.788526E+01
   4.788526E+01
   4.788526E+01
   4.788526E+01
   3.630989E+01
   3.630989E+01
   3.630989E+01
   3.618552E+01
   3.595818E+01
   3.566949E+01
   3.534016E+01
   3.498040E+01
   3.465871E+01
   3.450790E+01
   3.444254E+01
   3.440906E+01
   3.447284E+01
   3.443936E+01
   3.456851E+01
   3.450155E+01
   3.473506E+01
   3.460668E+01
   3.453973E+01
   3.462243E+01
   3.455548E+01
   3.437637E+01
   3.437565E+01
   3.439152E+01
   3.437478E+01
   3.437414E+01
   3.440667E+01
   3.438994E+01
   3.442183E+01
   3.440509E+01
   3.437320E+01
   3.437248E+01
   3.438835E+01
   3.437161E+01
   3.437270E+01
   3.437126E+01
   3.437096E+01
   3.436953E+01
   3.443618E+01
   3.440350E+01
   3.438676E+01
   3.441865E+01
   3.440191E+01
   3.446648E+01
   3.443380E+01
   3.441706E+01
   3.444895E+01
   3.443221E+01
   3.436923E+01
   3.436779E+01
   3.440032E+01
   3.438358E+01
   3.441547E+01
   3.439873E+01
   3.436605E+01
   3.442373E+01
   3.453184E+01
   3.442025E+01
   3.448903E+01
   3.448557E+01
   3.445209E+01
   3.449345E+01
   3.445997E+01
   3.442502E+01
   3.440828E+01
   3.442895E+01
   3.441221E+01
   3.439154E+01
   3.437480E+01
   3.439548E+01
   3.437364E+01
   3.442649E+01
   3.439432E+01
   3.437249E+01
   3.439317E+01
   3.437134E+01
   3.448852E+01
   3.442418E+01
   3.438052E+01
   3.442187E+01
   3.437821E+01
   3.436249E+01
   3.439688E+01
   3.436117E+01
   3.436036E+01
   3.436002E+01
   3.435920E+01
   3.435856E+01
   3.442930E+01
   3.435886E+01
   3.435805E+01
   3.435771E+01
   3.435690E+01
   3.435724E+01
   3.435643E+01
   3.435608E+01
   3.435527E+01
   3.435557E+01
   3.435493E+01
   3.435412E+01
   3.435378E+01
   3.435297E+01
   3.435463E+01
   3.438902E+01
   3.435232E+01
   3.435070E+01
   3.461360E+01
   3.475704E+01
   3.449808E+01
   3.456685E+01
   3.442144E+01
   3.449022E+01
   3.463759E+01
   3.493824E+01
   3.516098E+01
   3.527073E+01
   4.795792E+01
   4.796085E+01
   4.796357E+01
   4.796357E+01
   4.796357E+01
   4.796357E+01
   3.632913E+01
   3.632913E+01
   3.632913E+01
   3.619558E+01
   3.596600E+01
   3.568377E+01
   3.535159E+01
   3.501138E+01
   3.476656E+01
   3.461258E+01
   3.477116E+01
   3.459998E+01
   3.448390E+01
   3.439658E+01
   3.447929E+01
   3.439197E+01
   3.435326E+01
   3.435262E+01
   3.435181E+01
   3.435147E+01
   3.435066E+01
   3.435096E+01
   3.434933E+01
   3.435100E+01
   3.435019E+01
   3.434985E+01
   3.434903E+01
   3.434839E+01
   3.434869E+01
   3.434788E+01
   3.434754E+01
   3.434673E+01
   3.434707E+01
   3.434626E+01
   3.434591E+01
   3.434510E+01
   3.434668E+01
   3.434540E+01
   3.434476E+01
   3.434395E+01
   3.434361E+01
   3.434280E+01
   3.434309E+01
   3.434147E+01
   3.442533E+01
   3.434038E+01
   3.433714E+01
   3.433240E+01
   3.432915E+01
   3.434677E+01
   3.438116E+01
   3.434446E+01
   3.434284E+01
   3.441358E+01
   3.434314E+01
   3.434233E+01
   3.434198E+01
   3.434117E+01
   3.434053E+01
   3.434083E+01
   3.434002E+01
   3.433968E+01
   3.433886E+01
   3.433921E+01
   3.433839E+01
   3.433805E+01
   3.433724E+01
   3.433891E+01
   3.437329E+01
   3.433660E+01
   3.433498E+01
   3.448530E+01
   3.455997E+01
   3.440866E+01
   3.452850E+01
   3.433670E+01
   3.433648E+01
   3.433567E+01
   3.433448E+01
   3.433367E+01
   3.433270E+01
   3.433248E+01
   3.433167E+01
   3.433049E+01
   3.432968E+01
   3.433345E+01
   3.433183E+01
   3.432946E+01
   3.432737E+01
   3.432871E+01
   3.432849E+01
   3.432768E+01
   3.432649E+01
   3.432545E+01
   3.432472E+01
   3.432264E+01
   3.432664E+01
   3.432560E+01
   3.432441E+01
   3.432337E+01
   3.432292E+01
   3.432219E+01
   3.432115E+01
   3.431996E+01
   3.431892E+01
   3.431847E+01
   3.439181E+01
   3.451165E+01
   3.438291E+01
   3.450942E+01
   3.472399E+01
   3.490978E+01
   3.469028E+01
   3.487301E+01
   3.507619E+01
   3.519478E+01
   4.797134E+01
   4.797478E+01
   4.797125E+01
   4.797125E+01
   4.797125E+01
   4.797125E+01
   3.636566E+01
   3.636566E+01
   3.636566E+01
   3.621834E+01
   3.595016E+01
   3.564076E+01
   3.531933E+01
   3.499878E+01
   3.476112E+01
   3.458994E+01
   3.472589E+01
   3.462567E+01
   3.453539E+01
   3.460647E+01
   3.452661E+01
   3.445702E+01
   3.436969E+01
   3.445200E+01
   3.436171E+01
   3.432441E+01
   3.432116E+01
   3.431923E+01
   3.431761E+01
   3.431524E+01
   3.431316E+01
   3.431553E+01
   3.431345E+01
   3.431271E+01
   3.431167E+01
   3.431048E+01
   3.430944E+01
   3.431063E+01
   3.430959E+01
   3.430840E+01
   3.430736E+01
   3.444510E+01
   3.437958E+01
   3.433443E+01
   3.437519E+01
   3.433005E+01
   3.446109E+01
   3.441595E+01
   3.445671E+01
   3.441156E+01
   3.437081E+01
   3.433804E+01
   3.431547E+01
   3.433585E+01
   3.431328E+01
   3.437880E+01
   3.435623E+01
   3.437661E+01
   3.435404E+01
   3.433366E+01
   3.431109E+01
   3.433147E+01
   3.430889E+01
   3.431082E+01
   3.431036E+01
   3.430932E+01
   3.430816E+01
   3.430712E+01
   3.430805E+01
   3.430701E+01
   3.430586E+01
   3.430482E+01
   3.430597E+01
   3.430493E+01
   3.430378E+01
   3.430274E+01
   3.430827E+01
   3.430723E+01
   3.430608E+01
   3.430504E+01
   3.430458E+01
   3.430227E+01
   3.430019E+01
   3.430367E+01
   3.430263E+01
   3.430147E+01
   3.430043E+01
   3.429997E+01
   3.429766E+01
   3.429558E+01
   3.429465E+01
   3.432027E+01
   3.431818E+01
   3.431582E+01
   3.431537E+01
   3.431433E+01
   3.431314E+01
   3.431210E+01
   3.431774E+01
   3.431670E+01
   3.431551E+01
   3.431447E+01
   3.431402E+01
   3.431329E+01
   3.431224E+01
   3.431106E+01
   3.431002E+01
   3.430957E+01
   3.431300E+01
   3.431196E+01
   3.431077E+01
   3.430973E+01
   3.431092E+01
   3.430987E+01
   3.430869E+01
   3.430765E+01
   3.430855E+01
   3.430751E+01
   3.430632E+01
   3.430528E+01
   3.430483E+01
   3.430720E+01
   3.430512E+01
   3.430275E+01
   3.430067E+01
   3.437401E+01
   3.450052E+01
   3.436511E+01
   3.449162E+01
   3.430249E+01
   3.430041E+01
   3.429811E+01
   3.429603E+01
   3.429510E+01
   3.429049E+01
   3.436520E+01
   3.449401E+01
   3.468583E+01
   3.486856E+01
   3.474703E+01
   3.488549E+01
   3.505501E+01
   3.516668E+01
   4.792153E+01
   4.792042E+01
   4.791414E+01
   4.791414E+01
   4.791414E+01
   4.791414E+01
   3.642663E+01
   3.642663E+01
   3.642663E+01
   3.624231E+01
   3.592765E+01
   3.553958E+01
   3.517907E+01
   3.487797E+01
   3.468749E+01
   3.458727E+01
   3.450741E+01
   3.456806E+01
   3.448821E+01
   3.460697E+01
   3.453960E+01
   3.445974E+01
   3.450186E+01
   3.442201E+01
   3.445232E+01
   3.441956E+01
   3.439699E+01
   3.441737E+01
   3.439480E+01
   3.444272E+01
   3.441517E+01
   3.439260E+01
   3.441037E+01
   3.439041E+01
   3.437442E+01
   3.435185E+01
   3.437222E+01
   3.434965E+01
   3.431689E+01
   3.437003E+01
   3.434746E+01
   3.436784E+01
   3.434527E+01
   3.431251E+01
   3.443312E+01
   3.439319E+01
   3.442352E+01
   3.438359E+01
   3.436565E+01
   3.434307E+01
   3.436084E+01
   3.434088E+01
   3.430812E+01
   3.435604E+01
   3.433608E+01
   3.435124E+01
   3.433128E+01
   3.430373E+01
   3.429004E+01
   3.428588E+01
   3.428127E+01
   3.435598E+01
   3.440928E+01
   3.436935E+01
   3.439042E+01
   3.435049E+01
   3.434413E+01
   3.432416E+01
   3.433469E+01
   3.431473E+01
   3.430420E+01
   3.428423E+01
   3.429477E+01
   3.428272E+01
   3.431056E+01
   3.429325E+01
   3.428121E+01
   3.429174E+01
   3.427969E+01
   3.434215E+01
   3.430753E+01
   3.429022E+01
   3.427818E+01
   3.428871E+01
   3.427666E+01
   3.430450E+01
   3.428041E+01
   3.430245E+01
   3.433980E+01
   3.429942E+01
   3.434941E+01
   3.440063E+01
   3.428465E+01
   3.430964E+01
   3.428314E+01
   3.430813E+01
   3.434638E+01
   3.428162E+01
   3.430662E+01
   3.428011E+01
   3.430510E+01
   3.433161E+01
   3.435660E+01
   3.433009E+01
   3.435509E+01
   3.439636E+01
   3.443372E+01
   3.439334E+01
   3.444332E+01
   3.443299E+01
   3.463421E+01
   3.447534E+01
   3.455005E+01
   3.449455E+01
   3.456926E+01
   3.466959E+01
   3.488007E+01
   3.507768E+01
   3.517448E+01
   4.780966E+01
   4.780273E+01
   4.779635E+01
   4.779635E+01
   4.779635E+01
   4.779635E+01
   3.650628E+01
   3.650628E+01
   3.650628E+01
   3.630214E+01
   3.587955E+01
   3.537995E+01
   3.508363E+01
   3.489681E+01
   3.496434E+01
   3.471998E+01
   3.476929E+01
   3.462412E+01
   3.467634E+01
   3.461258E+01
   3.457234E+01
   3.450858E+01
   3.455754E+01
   3.451123E+01
   3.445354E+01
   3.440723E+01
   3.453150E+01
   3.440534E+01
   3.446492E+01
   3.441861E+01
   3.436093E+01
   3.435505E+01
   3.439159E+01
   3.434341E+01
   3.432802E+01
   3.427984E+01
   3.433609E+01
   3.428791E+01
   3.433004E+01
   3.428186E+01
   3.429033E+01
   3.432858E+01
   3.435357E+01
   3.432707E+01
   3.435206E+01
   3.428730E+01
   3.432555E+01
   3.435054E+01
   3.432404E+01
   3.434903E+01
   3.439031E+01
   3.444029E+01
   3.438728E+01
   3.443726E+01
   3.428427E+01
   3.432252E+01
   3.434752E+01
   3.432101E+01
   3.434600E+01
   3.428124E+01
   3.431949E+01
   3.434449E+01
   3.431798E+01
   3.434297E+01
   3.438425E+01
   3.443424E+01
   3.438122E+01
   3.443121E+01
   3.429523E+01
   3.427498E+01
   3.425089E+01
   3.424320E+01
   3.424111E+01
   3.423166E+01
   3.423342E+01
   3.423429E+01
   3.423325E+01
   3.422940E+01
   3.422836E+01
   3.422363E+01
   3.422451E+01
   3.422347E+01
   3.421962E+01
   3.421858E+01
   3.426815E+01
   3.429314E+01
   3.426325E+01
   3.429496E+01
   3.431813E+01
   3.434313E+01
   3.431996E+01
   3.434495E+01
   3.425836E+01
   3.429007E+01
   3.425347E+01
   3.428518E+01
   3.433519E+01
   3.438153E+01
   3.443152E+01
   3.438517E+01
   3.443516E+01
   3.424858E+01
   3.428029E+01
   3.424369E+01
   3.427540E+01
   3.432541E+01
   3.425221E+01
   3.431562E+01
   3.441564E+01
   3.451376E+01
   3.458847E+01
   3.450770E+01
   3.460768E+01
   3.470801E+01
   3.450832E+01
   3.460829E+01
   3.451561E+01
   3.461559E+01
   3.473451E+01
   3.494498E+01
   3.511770E+01
   3.519718E+01
   4.765353E+01
   4.764408E+01
   4.762839E+01
   4.762839E+01
   4.762839E+01
   4.762839E+01
   3.669946E+01
   3.669946E+01
   3.669946E+01
   3.641267E+01
   3.590440E+01
   3.541815E+01
   3.511752E+01
   3.537822E+01
   3.493518E+01
   3.463848E+01
   3.447801E+01
   3.447318E+01
   3.431508E+01
   3.435219E+01
   3.434977E+01
   3.427073E+01
   3.426831E+01
   3.458561E+01
   3.434609E+01
   3.456619E+01
   3.439140E+01
   3.427164E+01
   3.438169E+01
   3.426193E+01
   3.422997E+01
   3.422756E+01
   3.422026E+01
   3.421785E+01
   3.422514E+01
   3.422575E+01
   3.422455E+01
   3.422090E+01
   3.421969E+01
   3.421846E+01
   3.421725E+01
   3.421361E+01
   3.421240E+01
   3.421604E+01
   3.421484E+01
   3.421119E+01
   3.420998E+01
   3.421055E+01
   3.421117E+01
   3.420996E+01
   3.420631E+01
   3.420510E+01
   3.420387E+01
   3.420266E+01
   3.419902E+01
   3.419781E+01
   3.420146E+01
   3.420025E+01
   3.419660E+01
   3.419539E+01
   3.420875E+01
   3.420754E+01
   3.420389E+01
   3.420269E+01
   3.420330E+01
   3.419601E+01
   3.419359E+01
   3.451028E+01
   3.447840E+01
   3.442882E+01
   3.442640E+01
   3.444652E+01
   3.441464E+01
   3.439452E+01
   3.438361E+01
   3.436767E+01
   3.435761E+01
   3.434167E+01
   3.434736E+01
   3.436591E+01
   3.436470E+01
   3.432518E+01
   3.432397E+01
   3.428686E+01
   3.428565E+01
   3.424613E+01
   3.424492E+01
   3.428445E+01
   3.428324E+01
   3.424371E+01
   3.424251E+01
   3.436349E+01
   3.434755E+01
   3.432276E+01
   3.432155E+01
   3.433161E+01
   3.431567E+01
   3.430561E+01
   3.428967E+01
   3.426106E+01
   3.425864E+01
   3.438712E+01
   3.436397E+01
   3.435391E+01
   3.434233E+01
   3.432791E+01
   3.431633E+01
   3.433076E+01
   3.431918E+01
   3.430476E+01
   3.429318E+01
   3.434081E+01
   3.431766E+01
   3.430760E+01
   3.429602E+01
   3.428160E+01
   3.428013E+01
   3.429456E+01
   3.429309E+01
   3.427866E+01
   3.427720E+01
   3.428312E+01
   3.425997E+01
   3.423112E+01
   3.422819E+01
   3.425703E+01
   3.425409E+01
   3.422525E+01
   3.422231E+01
   3.422334E+01
   3.422213E+01
   3.421848E+01
   3.421727E+01
   3.421789E+01
   3.421060E+01
   3.420818E+01
   3.420941E+01
   3.419482E+01
   3.423319E+01
   3.424140E+01
   3.423552E+01
   3.426518E+01
   3.429078E+01
   3.431472E+01
   3.431178E+01
   3.429162E+01
   3.429015E+01
   3.427573E+01
   3.427426E+01
   3.428868E+01
   3.428721E+01
   3.427279E+01
   3.427132E+01
   3.430884E+01
   3.430591E+01
   3.428574E+01
   3.428427E+01
   3.426985E+01
   3.426838E+01
   3.428280E+01
   3.428134E+01
   3.426691E+01
   3.426544E+01
   3.425116E+01
   3.424822E+01
   3.421937E+01
   3.421644E+01
   3.424528E+01
   3.424234E+01
   3.421350E+01
   3.421056E+01
   3.429239E+01
   3.426830E+01
   3.427458E+01
   3.426253E+01
   3.425869E+01
   3.424664E+01
   3.425049E+01
   3.423844E+01
   3.423460E+01
   3.422255E+01
   3.424421E+01
   3.422012E+01
   3.422640E+01
   3.421435E+01
   3.421051E+01
   3.420946E+01
   3.421331E+01
   3.421226E+01
   3.420842E+01
   3.420737E+01
   3.422883E+01
   3.420474E+01
   3.419705E+01
   3.419496E+01
   3.420265E+01
   3.420056E+01
   3.419287E+01
   3.419078E+01
   3.422964E+01
   3.422377E+01
   3.428491E+01
   3.427903E+01
   3.423745E+01
   3.423328E+01
   3.429272E+01
   3.432597E+01
   3.421803E+01
   3.421594E+01
   3.421122E+01
   3.421017E+01
   3.420633E+01
   3.420528E+01
   3.420913E+01
   3.420808E+01
   3.420424E+01
   3.420319E+01
   3.421682E+01
   3.421578E+01
   3.421193E+01
   3.421088E+01
   3.421473E+01
   3.421369E+01
   3.420984E+01
   3.420880E+01
   3.420704E+01
   3.420599E+01
   3.420215E+01
   3.420110E+01
   3.420198E+01
   3.419847E+01
   3.419638E+01
   3.418869E+01
   3.418660E+01
   3.419429E+01
   3.419220E+01
   3.418451E+01
   3.418242E+01
   3.424243E+01
   3.430584E+01
   3.423264E+01
   3.429606E+01
   3.439607E+01
   3.424968E+01
   3.437651E+01
   3.422910E+01
   3.422492E+01
   3.432179E+01
   3.431761E+01
   3.439600E+01
   3.457654E+01
   3.474910E+01
   3.464967E+01
   3.477607E+01
   3.498851E+01
   3.515227E+01
   3.522181E+01
   4.743536E+01
   4.742581E+01
   4.741337E+01
   4.741337E+01
   4.741337E+01
   4.741337E+01
   3.698773E+01
   3.698773E+01
   3.698773E+01
   3.665621E+01
   3.606655E+01
   3.539129E+01
   3.507771E+01
   3.481224E+01
   3.508425E+01
   3.481877E+01
   3.549579E+01
   3.508454E+01
   3.481906E+01
   3.511667E+01
   3.481311E+01
   3.461150E+01
   3.449174E+01
   3.461477E+01
   3.448203E+01
   3.437198E+01
   3.428459E+01
   3.422471E+01
   3.427973E+01
   3.421985E+01
   3.439464E+01
   3.433476E+01
   3.438978E+01
   3.432990E+01
   3.427488E+01
   3.421500E+01
   3.427002E+01
   3.421014E+01
   3.461803E+01
   3.448530E+01
   3.462130E+01
   3.452093E+01
   3.445456E+01
   3.452256E+01
   3.445619E+01
   3.438493E+01
   3.432505E+01
   3.438656E+01
   3.432019E+01
   3.423280E+01
   3.438819E+01
   3.432182E+01
   3.438983E+01
   3.432346E+01
   3.422309E+01
   3.419416E+01
   3.419295E+01
   3.418931E+01
   3.418810E+01
   3.418871E+01
   3.418142E+01
   3.417900E+01
   3.418023E+01
   3.416565E+01
   3.420402E+01
   3.462145E+01
   3.452264E+01
   3.445627E+01
   3.452115E+01
   3.445478E+01
   3.461847E+01
   3.451966E+01
   3.445329E+01
   3.451817E+01
   3.445180E+01
   3.435597E+01
   3.422323E+01
   3.435300E+01
   3.422026E+01
   3.461549E+01
   3.451669E+01
   3.445032E+01
   3.451520E+01
   3.444883E+01
   3.461252E+01
   3.451371E+01
   3.444734E+01
   3.451222E+01
   3.444585E+01
   3.435002E+01
   3.421728E+01
   3.434704E+01
   3.421431E+01
   3.417456E+01
   3.421294E+01
   3.416861E+01
   3.420699E+01
   3.424969E+01
   3.431366E+01
   3.426752E+01
   3.436143E+01
   3.436486E+01
   3.439224E+01
   3.441264E+01
   3.447149E+01
   3.445873E+01
   3.458138E+01
   3.453798E+01
   3.463669E+01
   3.482321E+01
   3.505287E+01
   3.518337E+01
   3.524693E+01
   4.716028E+01
   4.715046E+01
   4.713338E+01
   4.713338E+01
   4.713338E+01
   3.941588E+01
   3.741147E+01
   3.741147E+01
   3.741147E+01
   3.701407E+01
   3.632240E+01
   3.556005E+01
   3.514880E+01
   3.491310E+01
   3.476132E+01
   3.492916E+01
   3.477739E+01
   3.518093E+01
   3.494523E+01
   3.479345E+01
   3.496129E+01
   3.480952E+01
   3.565590E+01
   3.522885E+01
   3.498526E+01
   3.483348E+01
   3.501712E+01
   3.486534E+01
   3.529258E+01
   3.498902E+01
   3.460954E+01
   3.451073E+01
   3.444437E+01
   3.450925E+01
   3.444288E+01
   3.465954E+01
   3.458365E+01
   3.466757E+01
   3.459168E+01
   3.450776E+01
   3.444139E+01
   3.451579E+01
   3.443990E+01
   3.434407E+01
   3.421133E+01
   3.434109E+01
   3.420836E+01
   3.467560E+01
   3.459971E+01
   3.468363E+01
   3.460774E+01
   3.448990E+01
   3.469167E+01
   3.461578E+01
   3.469970E+01
   3.462381E+01
   3.450596E+01
   3.427026E+01
   3.416266E+01
   3.420103E+01
   3.415671E+01
   3.420802E+01
   3.471168E+01
   3.463579E+01
   3.472761E+01
   3.465172E+01
   3.452992E+01
   3.474354E+01
   3.466765E+01
   3.475947E+01
   3.468358E+01
   3.459176E+01
   3.451588E+01
   3.460769E+01
   3.453181E+01
   3.437815E+01
   3.422637E+01
   3.441001E+01
   3.422335E+01
   3.474542E+01
   3.462363E+01
   3.454774E+01
   3.463956E+01
   3.454623E+01
   3.477729E+01
   3.463805E+01
   3.454472E+01
   3.463654E+01
   3.454321E+01
   3.440699E+01
   3.422033E+01
   3.440397E+01
   3.421731E+01
   3.415397E+01
   3.420528E+01
   3.414794E+01
   3.419282E+01
   3.425234E+01
   3.430365E+01
   3.425933E+01
   3.429606E+01
   3.432172E+01
   3.429955E+01
   3.431792E+01
   3.433075E+01
   3.431967E+01
   3.433249E+01
   3.435061E+01
   3.439321E+01
   3.434519E+01
   3.436650E+01
   3.434249E+01
   3.435314E+01
   3.434423E+01
   3.435489E+01
   3.436999E+01
   3.440020E+01
   3.425659E+01
   3.429819E+01
   3.431898E+01
   3.433181E+01
   3.431587E+01
   3.432870E+01
   3.429196E+01
   3.431761E+01
   3.424413E+01
   3.429544E+01
   3.434415E+01
   3.435481E+01
   3.434104E+01
   3.435290E+01
   3.436983E+01
   3.434230E+01
   3.436602E+01
   3.439988E+01
   3.434482E+01
   3.439226E+01
   3.446061E+01
   3.451946E+01
   3.445997E+01
   3.455802E+01
   3.468918E+01
   3.490504E+01
   3.509014E+01
   3.520823E+01
   3.526146E+01
   4.683747E+01
   4.681402E+01
   4.677836E+01
   4.677836E+01
   4.677836E+01
   3.941588E+01
   3.941588E+01
   3.941588E+01
   3.796526E+01
   3.745881E+01
   3.668569E+01
   3.578335E+01
   3.535630E+01
   3.505274E+01
   3.542002E+01
   3.504671E+01
   3.598780E+01
   3.541486E+01
   3.504155E+01
   3.549278E+01
   3.503727E+01
   3.477427E+01
   3.463503E+01
   3.454170E+01
   3.463352E+01
   3.454019E+01
   3.477125E+01
   3.463201E+01
   3.453868E+01
   3.463050E+01
   3.453717E+01
   3.440095E+01
   3.421429E+01
   3.444535E+01
   3.435202E+01
   3.444384E+01
   3.435051E+01
   3.421127E+01
   3.476823E+01
   3.458157E+01
   3.476521E+01
   3.457855E+01
   3.444233E+01
   3.434900E+01
   3.444082E+01
   3.434749E+01
   3.420825E+01
   3.443931E+01
   3.434598E+01
   3.443780E+01
   3.434447E+01
   3.420523E+01
   3.414190E+01
   3.418678E+01
   3.413586E+01
   3.418075E+01
   3.476263E+01
   3.457597E+01
   3.476049E+01
   3.457383E+01
   3.443651E+01
   3.434318E+01
   3.443544E+01
   3.434211E+01
   3.424985E+01
   3.415652E+01
   3.424878E+01
   3.415545E+01
   3.438717E+01
   3.424771E+01
   3.415438E+01
   3.424664E+01
   3.415331E+01
   3.466395E+01
   3.438503E+01
   3.419837E+01
   3.438289E+01
   3.419623E+01
   3.410844E+01
   3.413089E+01
   3.410728E+01
   3.410639E+01
   3.410621E+01
   3.410532E+01
   3.410453E+01
   3.415138E+01
   3.410514E+01
   3.410425E+01
   3.410407E+01
   3.410319E+01
   3.410239E+01
   3.410300E+01
   3.410212E+01
   3.410193E+01
   3.410105E+01
   3.410123E+01
   3.410035E+01
   3.410016E+01
   3.409928E+01
   3.410063E+01
   3.412307E+01
   3.409849E+01
   3.409672E+01
   3.425110E+01
   3.434985E+01
   3.419626E+01
   3.424115E+01
   3.414356E+01
   3.418845E+01
   3.428469E+01
   3.447972E+01
   3.470146E+01
   3.491749E+01
   3.509020E+01
   3.520625E+01
   3.525573E+01
   4.648619E+01
   4.641652E+01
   4.633620E+01
   4.538388E+01
   4.538388E+01
   4.313741E+01
   3.941588E+01
   3.941588E+01
   3.871078E+01
   3.806652E+01
   3.714022E+01
   3.614363E+01
   3.538190E+01
   3.637700E+01
   3.571451E+01
   3.465967E+01
   3.428635E+01
   3.473759E+01
   3.428208E+01
   3.409988E+01
   3.409909E+01
   3.409821E+01
   3.409802E+01
   3.409714E+01
   3.409774E+01
   3.409598E+01
   3.409733E+01
   3.409644E+01
   3.409626E+01
   3.409537E+01
   3.409458E+01
   3.409519E+01
   3.409430E+01
   3.409412E+01
   3.409323E+01
   3.409342E+01
   3.409254E+01
   3.409235E+01
   3.409147E+01
   3.409365E+01
   3.409207E+01
   3.409128E+01
   3.409040E+01
   3.409021E+01
   3.408933E+01
   3.408993E+01
   3.408816E+01
   3.480348E+01
   3.421886E+01
   3.421532E+01
   3.447355E+01
   3.447002E+01
   3.409281E+01
   3.411526E+01
   3.409068E+01
   3.408891E+01
   3.413575E+01
   3.408951E+01
   3.408863E+01
   3.408844E+01
   3.408756E+01
   3.408677E+01
   3.408737E+01
   3.408649E+01
   3.408630E+01
   3.408542E+01
   3.408561E+01
   3.408472E+01
   3.408454E+01
   3.408365E+01
   3.408500E+01
   3.410745E+01
   3.408286E+01
   3.408110E+01
   3.418192E+01
   3.422936E+01
   3.412921E+01
   3.419116E+01
   3.414900E+01
   3.411584E+01
   3.411495E+01
   3.417951E+01
   3.417863E+01
   3.427635E+01
   3.427458E+01
   3.411407E+01
   3.411319E+01
   3.417774E+01
   3.417686E+01
   3.414370E+01
   3.424142E+01
   3.424053E+01
   3.430509E+01
   3.423917E+01
   3.414097E+01
   3.440369E+01
   3.440193E+01
   3.453104E+01
   3.439920E+01
   3.430373E+01
   3.423781E+01
   3.430236E+01
   3.423644E+01
   3.417189E+01
   3.410597E+01
   3.417052E+01
   3.410460E+01
   3.426736E+01
   3.416916E+01
   3.410324E+01
   3.416779E+01
   3.410187E+01
   3.407487E+01
   3.413681E+01
   3.407155E+01
   3.407000E+01
   3.406989E+01
   3.406912E+01
   3.406853E+01
   3.406775E+01
   3.406728E+01
   3.406632E+01
   3.430317E+01
   3.442055E+01
   3.419448E+01
   3.432857E+01
   3.461550E+01
   3.487051E+01
   3.504829E+01
   3.516503E+01
   3.522381E+01
   4.608386E+01
   4.598130E+01
   4.577961E+01
   4.538388E+01
   4.399851E+01
   4.313741E+01
   4.216561E+01
   4.004816E+01
   3.935719E+01
   3.865787E+01
   3.765478E+01
   3.653713E+01
   3.531287E+01
   3.485383E+01
   3.558519E+01
   3.500389E+01
   3.446103E+01
   3.426463E+01
   3.413279E+01
   3.426190E+01
   3.413006E+01
   3.445557E+01
   3.419189E+01
   3.406716E+01
   3.406639E+01
   3.406580E+01
   3.406503E+01
   3.406562E+01
   3.406484E+01
   3.406425E+01
   3.406348E+01
   3.406337E+01
   3.406289E+01
   3.406212E+01
   3.406152E+01
   3.406075E+01
   3.406300E+01
   3.406145E+01
   3.406027E+01
   3.405873E+01
   3.406064E+01
   3.406016E+01
   3.405939E+01
   3.405880E+01
   3.405802E+01
   3.405791E+01
   3.405636E+01
   3.405861E+01
   3.405784E+01
   3.405725E+01
   3.405648E+01
   3.405600E+01
   3.405589E+01
   3.405511E+01
   3.405452E+01
   3.405375E+01
   3.405327E+01
   3.453061E+01
   3.426692E+01
   3.468613E+01
   3.442244E+01
   3.409543E+01
   3.409388E+01
   3.417319E+01
   3.417164E+01
   3.407328E+01
   3.407251E+01
   3.411216E+01
   3.411139E+01
   3.409079E+01
   3.415104E+01
   3.415027E+01
   3.418992E+01
   3.418915E+01
   3.414949E+01
   3.414872E+01
   3.418837E+01
   3.418760E+01
   3.428905E+01
   3.424785E+01
   3.422725E+01
   3.422648E+01
   3.426613E+01
   3.426536E+01
   3.432561E+01
   3.430501E+01
   3.430424E+01
   3.434389E+01
   3.434312E+01
   3.405777E+01
   3.411971E+01
   3.405232E+01
   3.404922E+01
   3.418759E+01
   3.408924E+01
   3.408770E+01
   3.416700E+01
   3.416546E+01
   3.412426E+01
   3.424476E+01
   3.424322E+01
   3.430347E+01
   3.430269E+01
   3.434235E+01
   3.430190E+01
   3.424162E+01
   3.412107E+01
   3.411375E+01
   3.445294E+01
   3.475471E+01
   3.497765E+01
   3.510640E+01
   3.517269E+01
   4.575100E+01
   4.561137E+01
   4.535032E+01
   4.488456E+01
   4.399851E+01
   4.313741E+01
   4.216561E+01
   4.089530E+01
   4.001607E+01
   3.916412E+01
   3.812030E+01
   3.700458E+01
   3.576209E+01
   3.478756E+01
   3.444457E+01
   3.440337E+01
   3.440183E+01
   3.448113E+01
   3.440024E+01
   3.460009E+01
   3.447954E+01
   3.439865E+01
   3.447795E+01
   3.439706E+01
   3.503477E+01
   3.459540E+01
   3.443361E+01
   3.466966E+01
   3.442741E+01
   3.434155E+01
   3.430110E+01
   3.434076E+01
   3.430031E+01
   3.424003E+01
   3.433996E+01
   3.429951E+01
   3.433917E+01
   3.429872E+01
   3.423844E+01
   3.411789E+01
   3.433837E+01
   3.429792E+01
   3.433758E+01
   3.429713E+01
   3.425747E+01
   3.421703E+01
   3.425668E+01
   3.421623E+01
   3.431616E+01
   3.425588E+01
   3.421544E+01
   3.425509E+01
   3.421464E+01
   3.415596E+01
   3.407506E+01
   3.415437E+01
   3.407347E+01
   3.407299E+01
   3.414496E+01
   3.406981E+01
   3.414178E+01
   3.431381E+01
   3.425392E+01
   3.421347E+01
   3.425237E+01
   3.421192E+01
   3.431071E+01
   3.422982E+01
   3.417302E+01
   3.413257E+01
   3.417147E+01
   3.413102E+01
   3.407112E+01
   3.416992E+01
   3.412947E+01
   3.416837E+01
   3.412792E+01
   3.406802E+01
   3.430761E+01
   3.422671E+01
   3.430451E+01
   3.422361E+01
   3.416682E+01
   3.412637E+01
   3.416527E+01
   3.412482E+01
   3.408592E+01
   3.404547E+01
   3.408437E+01
   3.404392E+01
   3.414272E+01
   3.408282E+01
   3.404237E+01
   3.408127E+01
   3.404082E+01
   3.406511E+01
   3.413709E+01
   3.404247E+01
   3.407846E+01
   3.403937E+01
   3.407536E+01
   3.413089E+01
   3.425134E+01
   3.442878E+01
   3.424196E+01
   3.433186E+01
   3.460315E+01
   3.485117E+01
   3.502442E+01
   3.510757E+01
   4.546053E+01
   4.531526E+01
   4.504890E+01
   4.462119E+01
   4.387286E+01
   4.309273E+01
   4.230171E+01
   4.137777E+01
   4.043037E+01
   3.962581E+01
   3.913204E+01
   3.976822E+01
   3.927604E+01
   3.845528E+01
   3.731504E+01
   3.610087E+01
   3.518329E+01
   3.465993E+01
   3.532937E+01
   3.486865E+01
   3.425941E+01
   3.413962E+01
   3.407972E+01
   3.403927E+01
   3.407817E+01
   3.403772E+01
   3.413652E+01
   3.405562E+01
   3.433367E+01
   3.413341E+01
   3.405252E+01
   3.417055E+01
   3.404942E+01
   3.402804E+01
   3.404604E+01
   3.402649E+01
   3.404449E+01
   3.407225E+01
   3.402494E+01
   3.404294E+01
   3.402339E+01
   3.404139E+01
   3.406915E+01
   3.412469E+01
   3.402184E+01
   3.403984E+01
   3.402029E+01
   3.403829E+01
   3.406605E+01
   3.401874E+01
   3.403674E+01
   3.401719E+01
   3.401633E+01
   3.403588E+01
   3.403502E+01
   3.401547E+01
   3.401462E+01
   3.406434E+01
   3.406262E+01
   3.402353E+01
   3.402182E+01
   3.443803E+01
   3.419577E+01
   3.457249E+01
   3.433023E+01
   3.404017E+01
   3.402208E+01
   3.402122E+01
   3.405569E+01
   3.405484E+01
   3.410740E+01
   3.408931E+01
   3.408845E+01
   3.412292E+01
   3.412206E+01
   3.403674E+01
   3.403503E+01
   3.410397E+01
   3.410226E+01
   3.417463E+01
   3.415653E+01
   3.415568E+01
   3.419015E+01
   3.418929E+01
   3.424186E+01
   3.424014E+01
   3.415482E+01
   3.415396E+01
   3.418843E+01
   3.418758E+01
   3.415310E+01
   3.415225E+01
   3.418672E+01
   3.418586E+01
   3.423842E+01
   3.422033E+01
   3.421947E+01
   3.425395E+01
   3.425309E+01
   3.412126E+01
   3.411783E+01
   3.403965E+01
   3.403622E+01
   3.416864E+01
   3.406607E+01
   3.406264E+01
   3.416777E+01
   3.416605E+01
   3.421862E+01
   3.421776E+01
   3.425223E+01
   3.421688E+01
   3.416430E+01
   3.409536E+01
   3.402467E+01
   3.409361E+01
   3.402292E+01
   3.403861E+01
   3.413194E+01
   3.403511E+01
   3.412844E+01
   3.435530E+01
   3.450818E+01
   3.427019E+01
   3.440738E+01
   3.469553E+01
   3.492919E+01
   3.503707E+01
   4.522591E+01
   4.509308E+01
   4.484399E+01
   4.439188E+01
   4.378948E+01
   4.313665E+01
   4.241406E+01
   4.158602E+01
   4.087672E+01
   4.039587E+01
   4.096263E+01
   4.052313E+01
   3.999656E+01
   3.975416E+01
   4.006799E+01
   3.986833E+01
   3.974713E+01
   3.990405E+01
   3.980422E+01
   3.974362E+01
   3.982207E+01
   3.976147E+01
   3.950807E+01
   3.925829E+01
   3.962409E+01
   3.949920E+01
   3.968210E+01
   3.961965E+01
   3.969995E+01
   3.962947E+01
   3.951884E+01
   3.929757E+01
   4.013162E+01
   3.993586E+01
   3.983798E+01
   3.977738E+01
   3.985194E+01
   3.979134E+01
   3.996378E+01
   3.984258E+01
   4.018745E+01
   3.994505E+01
   3.971184E+01
   3.964136E+01
   3.972580E+01
   3.965532E+01
   3.954261E+01
   3.971149E+01
   3.957053E+01
   3.934513E+01
   3.968288E+01
   3.940096E+01
   3.885504E+01
   3.826829E+01
   3.895015E+01
   3.825822E+01
   3.739313E+01
   3.625271E+01
   3.526373E+01
   3.465304E+01
   3.434184E+01
   3.430565E+01
   3.430394E+01
   3.437288E+01
   3.430219E+01
   3.447629E+01
   3.433491E+01
   3.475559E+01
   3.447098E+01
   3.425136E+01
   3.421601E+01
   3.425048E+01
   3.421513E+01
   3.418066E+01
   3.414532E+01
   3.417979E+01
   3.414444E+01
   3.423150E+01
   3.416080E+01
   3.410997E+01
   3.407463E+01
   3.410910E+01
   3.407375E+01
   3.402117E+01
   3.410822E+01
   3.407288E+01
   3.410735E+01
   3.407200E+01
   3.403753E+01
   3.400218E+01
   3.403666E+01
   3.400131E+01
   3.419353E+01
   3.408836E+01
   3.403578E+01
   3.400044E+01
   3.403491E+01
   3.399956E+01
   3.408661E+01
   3.401592E+01
   3.400916E+01
   3.405582E+01
   3.400741E+01
   3.405407E+01
   3.412495E+01
   3.399443E+01
   3.401776E+01
   3.399355E+01
   3.401689E+01
   3.405232E+01
   3.399268E+01
   3.401601E+01
   3.399180E+01
   3.399076E+01
   3.401497E+01
   3.401393E+01
   3.398973E+01
   3.398869E+01
   3.405024E+01
   3.404817E+01
   3.401289E+01
   3.401185E+01
   3.398765E+01
   3.398661E+01
   3.399767E+01
   3.422534E+01
   3.408396E+01
   3.429247E+01
   3.415108E+01
   3.397773E+01
   3.397565E+01
   3.401129E+01
   3.397378E+01
   3.397456E+01
   3.397352E+01
   3.397362E+01
   3.397258E+01
   3.397248E+01
   3.397144E+01
   3.397154E+01
   3.397050E+01
   3.397170E+01
   3.397061E+01
   3.396957E+01
   3.396967E+01
   3.396863E+01
   3.404288E+01
   3.396983E+01
   3.396775E+01
   3.400340E+01
   3.396588E+01
   3.412079E+01
   3.411663E+01
   3.401980E+01
   3.401564E+01
   3.420541E+01
   3.396941E+01
   3.396733E+01
   3.396853E+01
   3.396749E+01
   3.396759E+01
   3.396656E+01
   3.396546E+01
   3.396328E+01
   3.396666E+01
   3.396562E+01
   3.396573E+01
   3.396469E+01
   3.396359E+01
   3.396479E+01
   3.396375E+01
   3.396386E+01
   3.396282E+01
   3.396173E+01
   3.395954E+01
   3.410068E+01
   3.452848E+01
   3.485435E+01
   3.499658E+01
   4.504084E+01
   4.491550E+01
   4.467885E+01
   4.432352E+01
   4.379851E+01
   4.320172E+01
   4.254493E+01
   4.172142E+01
   4.082937E+01
   4.014999E+01
   3.962567E+01
   4.016317E+01
   3.956344E+01
   3.857702E+01
   3.719574E+01
   3.626110E+01
   3.538666E+01
   3.471508E+01
   3.432247E+01
   3.411001E+01
   3.403696E+01
   3.399945E+01
   3.407052E+01
   3.403301E+01
   3.417713E+01
   3.410409E+01
   3.406657E+01
   3.413765E+01
   3.410014E+01
   3.432104E+01
   3.420608E+01
   3.415212E+01
   3.411461E+01
   3.414750E+01
   3.410999E+01
   3.419685E+01
   3.412182E+01
   3.396292E+01
   3.396188E+01
   3.397971E+01
   3.396095E+01
   3.395986E+01
   3.399649E+01
   3.397773E+01
   3.401327E+01
   3.399451E+01
   3.395799E+01
   3.395580E+01
   3.403005E+01
   3.401129E+01
   3.404683E+01
   3.402808E+01
   3.399155E+01
   3.406361E+01
   3.404486E+01
   3.408040E+01
   3.406164E+01
   3.402512E+01
   3.395207E+01
   3.409321E+01
   3.408763E+01
   3.406888E+01
   3.408532E+01
   3.406657E+01
   3.403959E+01
   3.408301E+01
   3.406426E+01
   3.408071E+01
   3.406195E+01
   3.404550E+01
   3.402675E+01
   3.404319E+01
   3.402444E+01
   3.400208E+01
   3.396457E+01
   3.399746E+01
   3.396176E+01
   3.406786E+01
   3.404089E+01
   3.402213E+01
   3.403858E+01
   3.402073E+01
   3.406325E+01
   3.403717E+01
   3.401933E+01
   3.403577E+01
   3.401792E+01
   3.399466E+01
   3.395896E+01
   3.399185E+01
   3.395615E+01
   3.402418E+01
   3.416525E+01
   3.401857E+01
   3.417631E+01
   3.437535E+01
   3.460162E+01
   3.438238E+01
   3.461280E+01
   3.485321E+01
   3.500819E+01
   4.490334E+01
   4.478807E+01
   4.458284E+01
   4.426759E+01
   4.385339E+01
   4.347879E+01
   4.316539E+01
   4.353803E+01
   4.325074E+01
   4.270423E+01
   4.174081E+01
   4.076240E+01
   3.975994E+01
   3.836347E+01
   3.702849E+01
   3.600032E+01
   3.518901E+01
   3.474579E+01
   3.446670E+01
   3.455935E+01
   3.437815E+01
   3.430257E+01
   3.418761E+01
   3.411259E+01
   3.417837E+01
   3.410698E+01
   3.421402E+01
   3.416947E+01
   3.409807E+01
   3.409015E+01
   3.408586E+01
   3.406044E+01
   3.403437E+01
   3.401652E+01
   3.403297E+01
   3.401512E+01
   3.405764E+01
   3.403156E+01
   3.401372E+01
   3.403016E+01
   3.401231E+01
   3.398905E+01
   3.395335E+01
   3.398624E+01
   3.395054E+01
   3.405483E+01
   3.402876E+01
   3.401091E+01
   3.402736E+01
   3.400951E+01
   3.405203E+01
   3.402595E+01
   3.400811E+01
   3.402455E+01
   3.400670E+01
   3.398344E+01
   3.394774E+01
   3.398063E+01
   3.394493E+01
   3.401296E+01
   3.417070E+01
   3.400735E+01
   3.416509E+01
   3.404757E+01
   3.402232E+01
   3.400448E+01
   3.401927E+01
   3.400142E+01
   3.404147E+01
   3.401622E+01
   3.399837E+01
   3.401317E+01
   3.399532E+01
   3.397618E+01
   3.394048E+01
   3.397007E+01
   3.393437E+01
   3.403537E+01
   3.401012E+01
   3.399227E+01
   3.400707E+01
   3.398922E+01
   3.402926E+01
   3.400402E+01
   3.398617E+01
   3.400096E+01
   3.398311E+01
   3.397442E+01
   3.395657E+01
   3.397137E+01
   3.395352E+01
   3.392827E+01
   3.396832E+01
   3.395047E+01
   3.396526E+01
   3.394742E+01
   3.392217E+01
   3.399844E+01
   3.415618E+01
   3.398624E+01
   3.414397E+01
   3.440449E+01
   3.463491E+01
   3.438668E+01
   3.468400E+01
   3.491402E+01
   3.507804E+01
   4.479246E+01
   4.468916E+01
   4.451796E+01
   4.425268E+01
   4.401347E+01
   4.381630E+01
   4.400746E+01
   4.385308E+01
   4.366646E+01
   4.354616E+01
   4.368530E+01
   4.361038E+01
   4.355023E+01
   4.361980E+01
   4.358234E+01
   4.355227E+01
   4.358705E+01
   4.356365E+01
   4.340252E+01
   4.323552E+01
   4.347841E+01
   4.339491E+01
   4.351636E+01
   4.347461E+01
   4.352774E+01
   4.349259E+01
   4.343089E+01
   4.330748E+01
   4.370369E+01
   4.362899E+01
   4.359165E+01
   4.356824E+01
   4.359613E+01
   4.357888E+01
   4.363796E+01
   4.360347E+01
   4.372162E+01
   4.365263E+01
   4.354019E+01
   4.350504E+01
   4.355083E+01
   4.351195E+01
   4.345579E+01
   4.354735E+01
   4.346961E+01
   4.335727E+01
   4.354040E+01
   4.338492E+01
   4.306065E+01
   4.262656E+01
   4.316024E+01
   4.272616E+01
   4.181795E+01
   4.047374E+01
   3.956086E+01
   3.811883E+01
   3.654727E+01
   3.580755E+01
   3.532543E+01
   3.546742E+01
   3.479209E+01
   3.496418E+01
   3.459899E+01
   3.443085E+01
   3.452010E+01
   3.434306E+01
   3.432773E+01
   3.432269E+01
   3.424491E+01
   3.414440E+01
   3.414024E+01
   3.398717E+01
   3.398301E+01
   3.416602E+01
   3.398898E+01
   3.414565E+01
   3.401796E+01
   3.392944E+01
   3.400778E+01
   3.391926E+01
   3.395634E+01
   3.392933E+01
   3.392725E+01
   3.397710E+01
   3.397502E+01
   3.391312E+01
   3.396900E+01
   3.390294E+01
   3.394739E+01
   3.397533E+01
   3.394230E+01
   3.397024E+01
   3.402488E+01
   3.401138E+01
   3.401034E+01
   3.403526E+01
   3.403422E+01
   3.400327E+01
   3.403121E+01
   3.399818E+01
   3.402612E+01
   3.405915E+01
   3.405811E+01
   3.405406E+01
   3.408200E+01
   3.413608E+01
   3.405401E+01
   3.397885E+01
   3.397470E+01
   3.401083E+01
   3.402745E+01
   3.402530E+01
   3.398779E+01
   3.398565E+01
   3.395242E+01
   3.395027E+01
   3.391276E+01
   3.391062E+01
   3.394813E+01
   3.395644E+01
   3.395537E+01
   3.393661E+01
   3.393554E+01
   3.391892E+01
   3.391785E+01
   3.389909E+01
   3.389802E+01
   3.391678E+01
   3.391571E+01
   3.389695E+01
   3.389588E+01
   3.392517E+01
   3.392309E+01
   3.397294E+01
   3.397087E+01
   3.392101E+01
   3.391893E+01
   3.395736E+01
   3.395632E+01
   3.398125E+01
   3.398021E+01
   3.395528E+01
   3.395424E+01
   3.397917E+01
   3.397813E+01
   3.400930E+01
   3.400826E+01
   3.403318E+01
   3.403214E+01
   3.400722E+01
   3.400618E+01
   3.403110E+01
   3.403006E+01
   3.406850E+01
   3.406642E+01
   3.400514E+01
   3.400410E+01
   3.402903E+01
   3.402799E+01
   3.401448E+01
   3.406434E+01
   3.406226E+01
   3.390541E+01
   3.390434E+01
   3.392930E+01
   3.392823E+01
   3.390327E+01
   3.390220E+01
   3.392716E+01
   3.392608E+01
   3.395319E+01
   3.395212E+01
   3.397707E+01
   3.397600E+01
   3.396245E+01
   3.390112E+01
   3.390005E+01
   3.392501E+01
   3.392394E+01
   3.391039E+01
   3.396031E+01
   3.395816E+01
   3.401237E+01
   3.401023E+01
   3.406015E+01
   3.405800E+01
   3.403090E+01
   3.403361E+01
   3.401576E+01
   3.401378E+01
   3.401271E+01
   3.399791E+01
   3.398006E+01
   3.399486E+01
   3.397701E+01
   3.399395E+01
   3.399288E+01
   3.397412E+01
   3.397305E+01
   3.398136E+01
   3.395176E+01
   3.391606E+01
   3.394566E+01
   3.390996E+01
   3.395429E+01
   3.395322E+01
   3.393447E+01
   3.393339E+01
   3.394170E+01
   3.390419E+01
   3.390204E+01
   3.391866E+01
   3.397403E+01
   3.413177E+01
   3.396182E+01
   3.416435E+01
   3.393106E+01
   3.392677E+01
   3.402661E+01
   3.410693E+01
   3.425954E+01
   3.445185E+01
   3.474917E+01
   3.466459E+01
   3.484495E+01
   3.506613E+01
   3.522577E+01
   4.470116E+01
   4.461415E+01
   4.445989E+01
   4.424354E+01
   4.400048E+01
   4.375096E+01
   4.352649E+01
   4.379446E+01
   4.356883E+01
   4.310261E+01
   4.195175E+01
   4.055789E+01
   3.927122E+01
   3.768277E+01
   3.641405E+01
   3.571967E+01
   3.626046E+01
   3.533663E+01
   3.473026E+01
   3.432953E+01
   3.414891E+01
   3.396095E+01
   3.400573E+01
   3.400352E+01
   3.390954E+01
   3.390734E+01
   3.460180E+01
   3.410709E+01
   3.458734E+01
   3.409264E+01
   3.386225E+01
   3.386004E+01
   3.385502E+01
   3.385282E+01
   3.385784E+01
   3.385799E+01
   3.385689E+01
   3.385438E+01
   3.385327E+01
   3.385297E+01
   3.385187E+01
   3.384935E+01
   3.384825E+01
   3.385076E+01
   3.384966E+01
   3.384715E+01
   3.384605E+01
   3.384780E+01
   3.384795E+01
   3.384684E+01
   3.384433E+01
   3.384323E+01
   3.384057E+01
   3.384072E+01
   3.383962E+01
   3.383711E+01
   3.383600E+01
   3.384574E+01
   3.384464E+01
   3.384213E+01
   3.384102E+01
   3.384118E+01
   3.383616E+01
   3.383395E+01
   3.414449E+01
   3.414008E+01
   3.400132E+01
   3.399911E+01
   3.390513E+01
   3.392752E+01
   3.392642E+01
   3.387943E+01
   3.387833E+01
   3.399690E+01
   3.399470E+01
   3.392532E+01
   3.392421E+01
   3.387722E+01
   3.387612E+01
   3.392311E+01
   3.392201E+01
   3.387502E+01
   3.387391E+01
   3.418471E+01
   3.418219E+01
   3.408852E+01
   3.408600E+01
   3.417967E+01
   3.417716E+01
   3.408349E+01
   3.408097E+01
   3.399234E+01
   3.401449E+01
   3.401324E+01
   3.396640E+01
   3.396514E+01
   3.392083E+01
   3.391957E+01
   3.387273E+01
   3.387147E+01
   3.391831E+01
   3.391705E+01
   3.387021E+01
   3.386896E+01
   3.401198E+01
   3.401072E+01
   3.396388E+01
   3.396262E+01
   3.400946E+01
   3.400820E+01
   3.396137E+01
   3.396011E+01
   3.389111E+01
   3.388860E+01
   3.385578E+01
   3.385468E+01
   3.385217E+01
   3.385107E+01
   3.385358E+01
   3.385247E+01
   3.384996E+01
   3.384886E+01
   3.384620E+01
   3.384399E+01
   3.384901E+01
   3.384680E+01
   3.384178E+01
   3.386281E+01
   3.383425E+01
   3.387630E+01
   3.385606E+01
   3.385354E+01
   3.387206E+01
   3.386955E+01
   3.385777E+01
   3.389481E+01
   3.388978E+01
   3.417464E+01
   3.408612E+01
   3.410313E+01
   3.410187E+01
   3.405503E+01
   3.405378E+01
   3.410061E+01
   3.405635E+01
   3.405252E+01
   3.405126E+01
   3.399760E+01
   3.393375E+01
   3.388949E+01
   3.392866E+01
   3.388440E+01
   3.401209E+01
   3.396783E+01
   3.400700E+01
   3.396274E+01
   3.392357E+01
   3.387931E+01
   3.391848E+01
   3.387422E+01
   3.400694E+01
   3.400568E+01
   3.395885E+01
   3.395759E+01
   3.397975E+01
   3.388608E+01
   3.388356E+01
   3.397723E+01
   3.388871E+01
   3.388104E+01
   3.387853E+01
   3.388133E+01
   3.390927E+01
   3.387624E+01
   3.390418E+01
   3.393721E+01
   3.396515E+01
   3.393212E+01
   3.396006E+01
   3.388257E+01
   3.393845E+01
   3.400451E+01
   3.406039E+01
   3.399433E+01
   3.405021E+01
   3.389524E+01
   3.400699E+01
   3.385273E+01
   3.384770E+01
   3.388474E+01
   3.393947E+01
   3.403271E+01
   3.413912E+01
   3.413496E+01
   3.411875E+01
   3.423051E+01
   3.413074E+01
   3.412645E+01
   3.422629E+01
   3.430660E+01
   3.425623E+01
   3.447905E+01
   3.433700E+01
   3.461985E+01
   3.463969E+01
   3.480480E+01
   3.501955E+01
   3.531893E+01
   3.545919E+01
   4.463538E+01
   4.456094E+01
   4.441495E+01
   4.422679E+01
   4.400860E+01
   4.372830E+01
   4.310171E+01
   4.195744E+01
   4.062786E+01
   3.925763E+01
   3.750449E+01
   3.617751E+01
   3.525367E+01
   3.620350E+01
   3.544302E+01
   3.497533E+01
   3.546605E+01
   3.496929E+01
   3.457289E+01
   3.420547E+01
   3.395812E+01
   3.419825E+01
   3.395089E+01
   3.453141E+01
   3.419102E+01
   3.400731E+01
   3.388364E+01
   3.400370E+01
   3.388002E+01
   3.417028E+01
   3.400009E+01
   3.387641E+01
   3.398972E+01
   3.387280E+01
   3.383570E+01
   3.383460E+01
   3.383209E+01
   3.383098E+01
   3.383349E+01
   3.383239E+01
   3.382988E+01
   3.382878E+01
   3.382847E+01
   3.382737E+01
   3.382486E+01
   3.382376E+01
   3.382391E+01
   3.382893E+01
   3.382672E+01
   3.382170E+01
   3.384273E+01
   3.382125E+01
   3.382014E+01
   3.381763E+01
   3.381653E+01
   3.381668E+01
   3.381166E+01
   3.383269E+01
   3.385622E+01
   3.462608E+01
   3.439224E+01
   3.462306E+01
   3.438922E+01
   3.421762E+01
   3.410070E+01
   3.421611E+01
   3.409918E+01
   3.398378E+01
   3.386685E+01
   3.398226E+01
   3.386534E+01
   3.421459E+01
   3.409767E+01
   3.421308E+01
   3.409616E+01
   3.392154E+01
   3.462004E+01
   3.438620E+01
   3.461701E+01
   3.438317E+01
   3.421157E+01
   3.409465E+01
   3.421006E+01
   3.409314E+01
   3.391851E+01
   3.420855E+01
   3.409163E+01
   3.420704E+01
   3.409012E+01
   3.391549E+01
   3.381858E+01
   3.383960E+01
   3.381556E+01
   3.383744E+01
   3.387006E+01
   3.382196E+01
   3.386572E+01
   3.386626E+01
   3.390831E+01
   3.389827E+01
   3.394032E+01
   3.394031E+01
   3.393096E+01
   3.402775E+01
   3.404978E+01
   3.421627E+01
   3.413722E+01
   3.439826E+01
   3.470254E+01
   3.508759E+01
   3.542680E+01
   3.565286E+01
   3.573468E+01
   4.458340E+01
   4.449746E+01
   4.434703E+01
   4.414009E+01
   4.395083E+01
   4.372417E+01
   4.310326E+01
   4.201449E+01
   4.076034E+01
   3.938822E+01
   3.777436E+01
   3.624956E+01
   3.548908E+01
   3.499232E+01
   3.551211E+01
   3.501535E+01
   3.637984E+01
   3.527118E+01
   3.461399E+01
   3.438015E+01
   3.462551E+01
   3.437713E+01
   3.420552E+01
   3.408860E+01
   3.420401E+01
   3.408709E+01
   3.397168E+01
   3.385476E+01
   3.397017E+01
   3.385325E+01
   3.414328E+01
   3.396866E+01
   3.385174E+01
   3.396715E+01
   3.385023E+01
   3.451859E+01
   3.414026E+01
   3.396564E+01
   3.384872E+01
   3.396413E+01
   3.384720E+01
   3.415178E+01
   3.390340E+01
   3.380649E+01
   3.382837E+01
   3.380346E+01
   3.382534E+01
   3.385967E+01
   3.379573E+01
   3.380667E+01
   3.379421E+01
   3.380515E+01
   3.382232E+01
   3.379270E+01
   3.380364E+01
   3.379119E+01
   3.380213E+01
   3.381930E+01
   3.385363E+01
   3.452807E+01
   3.415652E+01
   3.390814E+01
   3.415449E+01
   3.390611E+01
   3.452401E+01
   3.402725E+01
   3.378408E+01
   3.379502E+01
   3.378306E+01
   3.378231E+01
   3.380596E+01
   3.381690E+01
   3.379325E+01
   3.380419E+01
   3.378116E+01
   3.378054E+01
   3.379148E+01
   3.377953E+01
   3.377878E+01
   3.382696E+01
   3.384884E+01
   3.380154E+01
   3.382342E+01
   3.377913E+01
   3.377851E+01
   3.377776E+01
   3.377750E+01
   3.377674E+01
   3.377710E+01
   3.377560E+01
   3.377701E+01
   3.378795E+01
   3.377599E+01
   3.377524E+01
   3.379800E+01
   3.377498E+01
   3.377422E+01
   3.377396E+01
   3.377321E+01
   3.377259E+01
   3.392229E+01
   3.401908E+01
   3.386895E+01
   3.391271E+01
   3.381811E+01
   3.386187E+01
   3.402564E+01
   3.442586E+01
   3.500416E+01
   3.541054E+01
   3.574973E+01
   3.589582E+01
   3.596296E+01
   4.453585E+01
   4.442570E+01
   4.426552E+01
   4.404723E+01
   4.382793E+01
   4.353163E+01
   4.307111E+01
   4.252978E+01
   4.128437E+01
   3.952766E+01
   3.820334E+01
   3.666991E+01
   3.556125E+01
   3.693246E+01
   3.599413E+01
   3.451994E+01
   3.402318E+01
   3.466498E+01
   3.401912E+01
   3.377507E+01
   3.377356E+01
   3.377303E+01
   3.377153E+01
   3.377294E+01
   3.377219E+01
   3.377193E+01
   3.377117E+01
   3.377144E+01
   3.377069E+01
   3.377042E+01
   3.376967E+01
   3.377003E+01
   3.376941E+01
   3.376865E+01
   3.376839E+01
   3.376764E+01
   3.376923E+01
   3.376799E+01
   3.376737E+01
   3.376662E+01
   3.376636E+01
   3.376560E+01
   3.376596E+01
   3.376446E+01
   3.470241E+01
   3.391112E+01
   3.383691E+01
   3.383540E+01
   3.398083E+01
   3.397933E+01
   3.419897E+01
   3.419596E+01
   3.376905E+01
   3.379093E+01
   3.376702E+01
   3.376551E+01
   3.381104E+01
   3.376587E+01
   3.376512E+01
   3.376485E+01
   3.376410E+01
   3.376348E+01
   3.376384E+01
   3.376308E+01
   3.376282E+01
   3.376207E+01
   3.376145E+01
   3.376021E+01
   3.392397E+01
   3.379829E+01
   3.379754E+01
   3.387025E+01
   3.386950E+01
   3.379679E+01
   3.379604E+01
   3.386875E+01
   3.386800E+01
   3.397782E+01
   3.394071E+01
   3.393996E+01
   3.401267E+01
   3.401192E+01
   3.383089E+01
   3.382939E+01
   3.397481E+01
   3.382697E+01
   3.412175E+01
   3.408464E+01
   3.408388E+01
   3.415660E+01
   3.408268E+01
   3.426567E+01
   3.415539E+01
   3.408147E+01
   3.415418E+01
   3.408026E+01
   3.397240E+01
   3.382455E+01
   3.396998E+01
   3.382214E+01
   3.384909E+01
   3.402075E+01
   3.384426E+01
   3.403393E+01
   3.426730E+01
   3.458262E+01
   3.428484E+01
   3.460016E+01
   3.501796E+01
   3.552324E+01
   3.587900E+01
   3.602631E+01
   3.609100E+01
   4.453585E+01
   4.433329E+01
   4.415732E+01
   4.392645E+01
   4.370100E+01
   4.339006E+01
   4.294672E+01
   4.239850E+01
   4.146322E+01
   4.013284E+01
   3.892076E+01
   3.809310E+01
   3.908366E+01
   3.822866E+01
   3.736423E+01
   3.692552E+01
   3.750583E+01
   3.714140E+01
   3.692204E+01
   3.721220E+01
   3.702998E+01
   3.692031E+01
   3.706538E+01
   3.695571E+01
   3.645635E+01
   3.595673E+01
   3.668746E+01
   3.643765E+01
   3.680301E+01
   3.667811E+01
   3.683842E+01
   3.671351E+01
   3.650845E+01
   3.609834E+01
   3.757361E+01
   3.724609E+01
   3.708233E+01
   3.697265E+01
   3.708082E+01
   3.697114E+01
   3.724307E+01
   3.702371E+01
   3.756757E+01
   3.712885E+01
   3.685536E+01
   3.673046E+01
   3.685385E+01
   3.672894E+01
   3.654234E+01
   3.678913E+01
   3.653932E+01
   3.616612E+01
   3.665969E+01
   3.616007E+01
   3.527811E+01
   3.448682E+01
   3.448381E+01
   3.477467E+01
   3.447898E+01
   3.541366E+01
   3.476945E+01
   3.447376E+01
   3.476489E+01
   3.446817E+01
   3.426325E+01
   3.415297E+01
   3.407905E+01
   3.415177E+01
   3.407784E+01
   3.426084E+01
   3.411299E+01
   3.400513E+01
   3.393121E+01
   3.400392E+01
   3.393000E+01
   3.381972E+01
   3.400271E+01
   3.392879E+01
   3.400150E+01
   3.392758E+01
   3.381730E+01
   3.425842E+01
   3.411058E+01
   3.425600E+01
   3.410816E+01
   3.400030E+01
   3.392637E+01
   3.399909E+01
   3.392517E+01
   3.381489E+01
   3.399788E+01
   3.392396E+01
   3.399667E+01
   3.392275E+01
   3.381247E+01
   3.383942E+01
   3.402909E+01
   3.383459E+01
   3.402426E+01
   3.425340E+01
   3.410555E+01
   3.425060E+01
   3.410276E+01
   3.399537E+01
   3.392145E+01
   3.399397E+01
   3.392005E+01
   3.380986E+01
   3.399257E+01
   3.391865E+01
   3.399117E+01
   3.391725E+01
   3.380707E+01
   3.424780E+01
   3.409996E+01
   3.424501E+01
   3.409716E+01
   3.398978E+01
   3.391585E+01
   3.398838E+01
   3.391445E+01
   3.384193E+01
   3.376801E+01
   3.384053E+01
   3.376661E+01
   3.394932E+01
   3.383913E+01
   3.376521E+01
   3.383774E+01
   3.376381E+01
   3.383709E+01
   3.402676E+01
   3.378162E+01
   3.388417E+01
   3.377882E+01
   3.388137E+01
   3.403658E+01
   3.431118E+01
   3.462650E+01
   3.431617E+01
   3.465694E+01
   3.510039E+01
   3.558422E+01
   3.592205E+01
   3.609088E+01
   3.615200E+01
   4.433329E+01
   4.400399E+01
   4.400399E+01
   4.377079E+01
   4.353535E+01
   4.324480E+01
   4.284172E+01
   4.233956E+01
   4.158389E+01
   4.036802E+01
   3.885496E+01
   3.733914E+01
   3.640081E+01
   3.733077E+01
   3.636473E+01
   3.540453E+01
   3.460968E+01
   3.536846E+01
   3.459933E+01
   3.416689E+01
   3.394652E+01
   3.383634E+01
   3.376242E+01
   3.383494E+01
   3.376102E+01
   3.394373E+01
   3.383354E+01
   3.375962E+01
   3.383214E+01
   3.375822E+01
   3.416233E+01
   3.394093E+01
   3.383075E+01
   3.375682E+01
   3.382935E+01
   3.375542E+01
   3.393865E+01
   3.382795E+01
   3.375403E+01
   3.382681E+01
   3.375263E+01
   3.377603E+01
   3.387857E+01
   3.377323E+01
   3.387578E+01
   3.403099E+01
   3.377044E+01
   3.387298E+01
   3.376764E+01
   3.387018E+01
   3.402540E+01
   3.415715E+01
   3.393606E+01
   3.382551E+01
   3.375133E+01
   3.382407E+01
   3.374989E+01
   3.393316E+01
   3.382262E+01
   3.374844E+01
   3.382117E+01
   3.374699E+01
   3.415136E+01
   3.393027E+01
   3.381972E+01
   3.374554E+01
   3.381828E+01
   3.374410E+01
   3.392737E+01
   3.381683E+01
   3.374265E+01
   3.381538E+01
   3.374120E+01
   3.376479E+01
   3.386734E+01
   3.376190E+01
   3.386444E+01
   3.401971E+01
   3.375900E+01
   3.386155E+01
   3.375611E+01
   3.385865E+01
   3.401392E+01
   3.433583E+01
   3.467659E+01
   3.432445E+01
   3.471007E+01
   3.515806E+01
   3.562482E+01
   3.596332E+01
   3.613046E+01
   3.618852E+01
   4.400399E+01
   4.400399E+01
   4.351874E+01
   4.351874E+01
   4.335067E+01
   4.310745E+01
   4.276210E+01
   4.227178E+01
   4.162714E+01
   4.038325E+01
   3.863996E+01
   3.679065E+01
   3.530544E+01
   3.468756E+01
   3.441657E+01
   3.465606E+01
   3.438506E+01
   3.521419E+01
   3.450187E+01
   3.436784E+01
   3.423234E+01
   3.422941E+01
   3.409391E+01
   3.422501E+01
   3.409098E+01
   3.395548E+01
   3.395255E+01
   3.381705E+01
   3.422120E+01
   3.407284E+01
   3.420544E+01
   3.406994E+01
   3.392448E+01
   3.381393E+01
   3.373976E+01
   3.381249E+01
   3.373831E+01
   3.395940E+01
   3.388522E+01
   3.395795E+01
   3.388377E+01
   3.381104E+01
   3.373686E+01
   3.380959E+01
   3.373541E+01
   3.418969E+01
   3.405419E+01
   3.417393E+01
   3.407625E+01
   3.400850E+01
   3.406837E+01
   3.400062E+01
   3.395650E+01
   3.388232E+01
   3.394863E+01
   3.388088E+01
   3.377033E+01
   3.394075E+01
   3.387300E+01
   3.393287E+01
   3.386512E+01
   3.376744E+01
   3.375321E+01
   3.385576E+01
   3.375032E+01
   3.385286E+01
   3.400813E+01
   3.379725E+01
   3.401390E+01
   3.409684E+01
   3.402982E+01
   3.396208E+01
   3.396061E+01
   3.389286E+01
   3.402689E+01
   3.395915E+01
   3.395768E+01
   3.388993E+01
   3.389140E+01
   3.382365E+01
   3.382218E+01
   3.375443E+01
   3.382584E+01
   3.369035E+01
   3.368742E+01
   3.368597E+01
   3.388847E+01
   3.382072E+01
   3.381925E+01
   3.375150E+01
   3.368449E+01
   3.375004E+01
   3.368229E+01
   3.368082E+01
   3.368010E+01
   3.368011E+01
   3.368013E+01
   3.381614E+01
   3.403278E+01
   3.380738E+01
   3.406478E+01
   3.433598E+01
   3.472160E+01
   3.437375E+01
   3.475937E+01
   3.523428E+01
   3.570510E+01
   3.600082E+01
   3.614352E+01
   3.620507E+01
   4.400399E+01
   4.338158E+01
   4.338158E+01
   4.338158E+01
   4.320641E+01
   4.298703E+01
   4.265202E+01
   4.216194E+01
   4.154808E+01
   4.034708E+01
   3.851062E+01
   3.708999E+01
   3.609096E+01
   3.699145E+01
   3.580839E+01
   3.515652E+01
   3.444128E+01
   3.487966E+01
   3.416442E+01
   3.394816E+01
   3.381412E+01
   3.374711E+01
   3.367936E+01
   3.367789E+01
   3.367717E+01
   3.367569E+01
   3.367570E+01
   3.367498E+01
   3.367351E+01
   3.367279E+01
   3.380826E+01
   3.367276E+01
   3.366983E+01
   3.366839E+01
   3.367277E+01
   3.367205E+01
   3.367058E+01
   3.366986E+01
   3.367133E+01
   3.367060E+01
   3.366914E+01
   3.366841E+01
   3.366840E+01
   3.366767E+01
   3.366621E+01
   3.366548E+01
   3.366549E+01
   3.473838E+01
   3.402314E+01
   3.473267E+01
   3.401743E+01
   3.370854E+01
   3.370709E+01
   3.370568E+01
   3.378887E+01
   3.368556E+01
   3.368483E+01
   3.372645E+01
   3.372572E+01
   3.370419E+01
   3.376734E+01
   3.376661E+01
   3.380823E+01
   3.380750E+01
   3.378597E+01
   3.370283E+01
   3.376593E+01
   3.380752E+01
   3.376450E+01
   3.380610E+01
   3.369998E+01
   3.376308E+01
   3.380467E+01
   3.376165E+01
   3.380324E+01
   3.384912E+01
   3.384839E+01
   3.384769E+01
   3.388928E+01
   3.386775E+01
   3.386635E+01
   3.394953E+01
   3.367863E+01
   3.367791E+01
   3.367644E+01
   3.367572E+01
   3.367573E+01
   3.367280E+01
   3.367135E+01
   3.367137E+01
   3.366842E+01
   3.366697E+01
   3.366404E+01
   3.366260E+01
   3.366261E+01
   3.392295E+01
   3.374291E+01
   3.374002E+01
   3.390647E+01
   3.390358E+01
   3.407775E+01
   3.468640E+01
   3.538363E+01
   3.576709E+01
   3.600987E+01
   3.614828E+01
   3.621290E+01
   4.338158E+01
   4.338158E+01
   4.338158E+01
   4.302117E+01
   4.302117E+01
   4.284631E+01
   4.254465E+01
   4.209898E+01
   4.155687E+01
   4.033979E+01
   3.838167E+01
   3.692504E+01
   3.574198E+01
   3.690059E+01
   3.570319E+01
   3.472697E+01
   3.401172E+01
   3.469376E+01
   3.400602E+01
   3.369712E+01
   3.376023E+01
   3.380182E+01
   3.375880E+01
   3.380039E+01
   3.369427E+01
   3.375737E+01
   3.379896E+01
   3.375595E+01
   3.379754E+01
   3.386349E+01
   3.394668E+01
   3.386064E+01
   3.394383E+01
   3.369142E+01
   3.375452E+01
   3.379611E+01
   3.375309E+01
   3.379469E+01
   3.368856E+01
   3.375167E+01
   3.379326E+01
   3.375024E+01
   3.379183E+01
   3.385779E+01
   3.394097E+01
   3.385493E+01
   3.393812E+01
   3.467437E+01
   3.398662E+01
   3.466879E+01
   3.398104E+01
   3.370480E+01
   3.375836E+01
   3.379995E+01
   3.377602E+01
   3.381761E+01
   3.370201E+01
   3.379368E+01
   3.383528E+01
   3.379229E+01
   3.385294E+01
   3.387117E+01
   3.395436E+01
   3.390650E+01
   3.398968E+01
   3.369922E+01
   3.379089E+01
   3.385154E+01
   3.378950E+01
   3.385015E+01
   3.369643E+01
   3.378810E+01
   3.384875E+01
   3.378671E+01
   3.384736E+01
   3.394182E+01
   3.402501E+01
   3.393903E+01
   3.406033E+01
   3.407003E+01
   3.406714E+01
   3.406433E+01
   3.423070E+01
   3.440487E+01
   3.409680E+01
   3.426317E+01
   3.416745E+01
   3.433382E+01
   3.457381E+01
   3.507954E+01
   3.555128E+01
   3.583166E+01
   3.602240E+01
   3.613699E+01
   3.613699E+01
   4.338158E+01
   4.338158E+01
   4.291835E+01
   4.291835E+01
   4.291835E+01
   4.272728E+01
   4.246141E+01
   4.205642E+01
   4.148233E+01
   4.026054E+01
   3.841280E+01
   3.685323E+01
   3.565584E+01
   3.687192E+01
   3.567452E+01
   3.466321E+01
   3.397546E+01
   3.463953E+01
   3.396988E+01
   3.369364E+01
   3.378531E+01
   3.384596E+01
   3.378392E+01
   3.384457E+01
   3.369085E+01
   3.378252E+01
   3.384317E+01
   3.378113E+01
   3.384178E+01
   3.393624E+01
   3.405754E+01
   3.393345E+01
   3.405475E+01
   3.368806E+01
   3.377973E+01
   3.384038E+01
   3.377834E+01
   3.383899E+01
   3.368527E+01
   3.377694E+01
   3.383759E+01
   3.377555E+01
   3.383620E+01
   3.393066E+01
   3.405196E+01
   3.392787E+01
   3.404917E+01
   3.464887E+01
   3.413605E+01
   3.380122E+01
   3.415723E+01
   3.379832E+01
   3.469123E+01
   3.415432E+01
   3.379542E+01
   3.415142E+01
   3.379252E+01
   3.368242E+01
   3.377412E+01
   3.383477E+01
   3.377267E+01
   3.383332E+01
   3.364992E+01
   3.371057E+01
   3.364847E+01
   3.370912E+01
   3.377122E+01
   3.383187E+01
   3.376977E+01
   3.383042E+01
   3.392503E+01
   3.404633E+01
   3.392212E+01
   3.404342E+01
   3.364702E+01
   3.370767E+01
   3.364556E+01
   3.370622E+01
   3.379792E+01
   3.364411E+01
   3.370476E+01
   3.364266E+01
   3.370331E+01
   3.379502E+01
   3.397842E+01
   3.423810E+01
   3.440447E+01
   3.423252E+01
   3.447512E+01
   3.471511E+01
   3.422683E+01
   3.446943E+01
   3.422102E+01
   3.451404E+01
   3.480159E+01
   3.531398E+01
   3.566593E+01
   3.586811E+01
   3.599107E+01
   3.599107E+01
   3.613699E+01
   4.291835E+01
   4.291835E+01
   4.291835E+01
   4.291835E+01
   4.291835E+01
   4.263099E+01
   4.242947E+01
   4.205446E+01
   4.137558E+01
   4.017868E+01
   3.863648E+01
   3.695664E+01
   3.575924E+01
   3.647125E+01
   3.647125E+01
   3.468543E+01
   3.414852E+01
   3.388007E+01
   3.370061E+01
   3.387861E+01
   3.369916E+01
   3.414562E+01
   3.387716E+01
   3.369771E+01
   3.387571E+01
   3.369626E+01
   3.467962E+01
   3.414271E+01
   3.387426E+01
   3.369481E+01
   3.387281E+01
   3.369336E+01
   3.413981E+01
   3.378090E+01
   3.364121E+01
   3.370186E+01
   3.363976E+01
   3.370041E+01
   3.379211E+01
   3.366791E+01
   3.378921E+01
   3.397261E+01
   3.363541E+01
   3.369606E+01
   3.363395E+01
   3.369460E+01
   3.378631E+01
   3.363250E+01
   3.369315E+01
   3.363105E+01
   3.370430E+01
   3.380861E+01
   3.401722E+01
   3.360000E+01
   3.360000E+01
   3.360000E+01
   3.360000E+01
   3.360000E+01
   3.360000E+01
   3.360000E+01
   3.360000E+01
   3.360000E+01
   3.360000E+01
   3.360000E+01
   3.360000E+01
   3.360000E+01
   3.360000E+01
   3.360000E+01
   3.360000E+01
   3.360000E+01
   3.360000E+01
   3.360000E+01
   3.360000E+01
   3.360000E+01
   3.360000E+01
   3.360000E+01
   3.360000E+01
   3.360000E+01
   3.360000E+01
   3.360000E+01
   3.360000E+01
   3.360000E+01
   3.360000E+01
   3.360000E+01
   3.360000E+01
   3.443444E+01
   3.489080E+01
   3.477206E+01
   3.477206E+01
   3.542544E+01
   3.569923E+01
   3.584263E+01
   3.584263E+01
   3.599107E+01
   3.599107E+01
