1 1 19 15.65968373 5.0 5e-05 33.999501 1.0 0.1 0.3 1 1.0 0 upstream
2 1 21 15.65968373 5.0 5e-05 33.999002 1.0 0.1 0.3 2 1.0 0 upstream
3 1 24 15.65968373 5.0 5e-05 33.998503 1.0 0.1 0.3 2 1.0 0 upstream
4 1 26 15.65968373 5.0 5e-05 33.998004 1.0 0.1 0.3 2 1.0 0 upstream
5 1 30 15.65968373 5.0 5e-05 33.997505 1.0 0.1 0.3 2 1.0 0 upstream
6 1 32 15.65968373 5.0 5e-05 33.997006 1.0 0.1 0.3 2 1.0 0 upstream
7 1 35 15.65968373 5.0 5e-05 33.996507 1.0 0.1 0.3 2 1.0 0 upstream
8 1 37 15.65968373 5.0 5e-05 33.996008 1.0 0.1 0.3 2 1.0 0 upstream
9 1 51 15.65968373 5.0 5e-05 33.995509 1.0 0.1 0.3 2 1.0 0 upstream
10 1 53 15.65968373 5.0 5e-05 33.99501 1.0 0.1 0.3 2 1.0 0 upstream
11 1 56 15.65968373 5.0 5e-05 33.994511 1.0 0.1 0.3 2 1.0 0 upstream
12 1 58 10.71183577 5.0 5e-05 33.994012 1.0 0.1 0.3 2 1.0 0 upstream
13 1 59 4.94784795 5.0 5e-05 33.993513 1.0 0.1 0.3 2 1.0 0 upstream
14 1 63 15.65968373 5.0 5e-05 33.993014 1.0 0.1 0.3 2 1.0 0 upstream
15 1 65 15.65968373 5.0 5e-05 33.992515 1.0 0.1 0.3 2 1.0 0 upstream
16 1 68 15.65968373 5.0 5e-05 33.992016 1.0 0.1 0.3 2 1.0 0 upstream
17 1 70 15.82310326 5.0 5e-05 33.991517 1.0 0.1 0.3 2 1.0 0 upstream
18 1 109 16.2868062 5.0 5e-05 33.991018 1.0 0.1 0.3 2 1.0 0 upstream
19 1 111 16.2868062 5.0 5e-05 33.990519 1.0 0.1 0.3 2 1.0 0 upstream
20 1 114 3.58628045 5.0 5e-05 33.99002 1.0 0.1 0.3 2 1.0 0 upstream
21 1 124 12.70052575 5.0 5e-05 33.989521 1.0 0.1 0.3 2 1.0 0 upstream
22 1 126 16.2868062 5.0 5e-05 33.989022 1.0 0.1 0.3 2 1.0 0 upstream
23 1 130 16.2868062 5.0 5e-05 33.988523 1.0 0.1 0.3 2 1.0 0 upstream
24 1 132 10.10100293 5.0 5e-05 33.988024 1.0 0.1 0.3 2 1.0 0 upstream
25 1 133 6.18580327 5.0 5e-05 33.987525 1.0 0.1 0.3 2 1.0 0 upstream
26 1 136 16.2868062 5.0 5e-05 33.987026 1.0 0.1 0.3 2 1.0 0 upstream
27 1 138 16.2868062 5.0 5e-05 33.986527 1.0 0.1 0.3 2 1.0 0 upstream
28 1 149 16.2868062 5.0 5e-05 33.986028 1.0 0.1 0.3 2 1.0 0 upstream
29 1 151 0.32891921 5.0 5e-05 33.985529 1.0 0.1 0.3 2 1.0 0 upstream
30 1 154 15.95788699 5.0 5e-05 33.98503 1.0 0.1 0.3 2 1.0 0 upstream
31 1 157 16.2868062 5.0 5e-05 33.984531 1.0 0.1 0.3 2 1.0 0 upstream
32 1 159 16.2868062 5.0 5e-05 33.984032 1.0 0.1 0.3 2 1.0 0 upstream
33 1 166 6.84364169 5.0 5e-05 33.983533 1.0 0.1 0.3 2 1.0 0 upstream
34 1 167 9.44316451 5.0 5e-05 33.983033999999996 1.0 0.1 0.3 2 1.0 0 upstream
35 1 169 16.2868062 5.0 5e-05 33.982535 1.0 0.1 0.3 2 1.0 0 upstream
36 1 172 16.2868062 5.0 5e-05 33.982036 1.0 0.1 0.3 2 1.0 0 upstream
37 1 174 13.35836417 5.0 5e-05 33.981537 1.0 0.1 0.3 2 1.0 0 upstream
38 1 179 2.92844203 5.0 5e-05 33.981038 1.0 0.1 0.3 2 1.0 0 upstream
39 1 218 16.2868062 5.0 5e-05 33.980539 1.0 0.1 0.3 2 1.0 0 upstream
40 1 220 16.2868062 5.0 5e-05 33.98004 1.0 0.1 0.3 2 1.0 0 upstream
41 1 223 11.80172852 5.0 5e-05 33.979541 1.0 0.1 0.3 2 1.0 0 upstream
42 1 224 7.29549903 5.0 5e-05 33.979042 1.0 0.1 0.3 2 1.0 0 upstream
43 1 226 16.71373132 5.0 5e-05 33.978543 1.0 0.1 0.3 2 1.0 0 upstream
44 1 229 3.86560898 5.0 5e-05 33.978044 1.0 0.1 0.3 2 1.0 0 upstream
45 1 233 20.14362137 5.0 5e-05 33.977545 1.0 0.1 0.3 2 1.0 0 upstream
46 1 234 0.43571893 5.0 5e-05 33.977046 1.0 0.1 0.3 2 1.0 0 upstream
47 1 236 20.57934031 5.0 5e-05 33.976547 1.0 0.1 0.3 2 1.0 0 upstream
48 1 239 2.99417112 5.0 5e-05 33.976048 1.0 0.1 0.3 2 1.0 0 upstream
49 1 257 17.58516919 5.0 5e-05 33.975549 1.0 0.1 0.3 2 1.0 0 upstream
50 1 259 6.42406117 5.0 5e-05 33.97505 1.0 0.1 0.3 2 1.0 0 upstream
51 1 260 14.15527914 5.0 5e-05 33.974551 1.0 0.1 0.3 2 1.0 0 upstream
52 1 265 9.85395122 5.0 5e-05 33.974052 1.0 0.1 0.3 2 1.0 0 upstream
53 1 268 10.72538908 5.0 5e-05 33.973553 1.0 0.1 0.3 2 1.0 0 upstream
54 1 270 13.28384127 5.0 5e-05 33.973054 1.0 0.1 0.3 2 1.0 0 upstream
55 1 271 7.29549903 5.0 5e-05 33.972555 1.0 0.1 0.3 2 1.0 0 upstream
56 1 274 18.11723783 5.0 5e-05 33.972056 1.0 0.1 0.3 2 1.0 0 upstream
57 1 279 1.42084012 5.0 5e-05 33.971557 1.0 0.1 0.3 2 1.0 0 upstream
58 1 281 19.53125 5.0 5e-05 33.971058 1.0 0.1 0.3 2 1.0 0 upstream
59 1 288 5.08957655 5.0 5e-05 33.970559 1.0 0.1 0.3 2 1.0 0 upstream
60 1 289 14.44167345 5.0 5e-05 33.97006 1.0 0.1 0.3 2 1.0 0 upstream
61 1 291 11.59999321 5.0 5e-05 33.969561 1.0 0.1 0.3 2 1.0 0 upstream
62 1 294 7.93125679 5.0 5e-05 33.969062 1.0 0.1 0.3 2 1.0 0 upstream
63 1 297 17.78054196 5.0 5e-05 33.968563 1.0 0.1 0.3 2 1.0 0 upstream
64 1 299 7.8454839 5.0 5e-05 33.968064 1.0 0.1 0.3 2 1.0 0 upstream
65 1 300 8.84202342 5.0 5e-05 33.967565 1.0 0.1 0.3 2 1.0 0 upstream
66 1 336 16.68750732 5.0 5e-05 33.967066 1.0 0.1 0.3 2 1.0 0 upstream
67 1 338 16.68750732 5.0 5e-05 33.966567 1.0 0.1 0.3 2 1.0 0 upstream
68 1 341 2.28298146 5.0 5e-05 33.966068 1.0 0.1 0.3 2 1.0 0 upstream
69 1 351 14.40452586 5.0 5e-05 33.965569 1.0 0.1 0.3 2 1.0 0 upstream
70 1 353 16.68750732 5.0 5e-05 33.96507 1.0 0.1 0.3 2 1.0 0 upstream
71 1 357 13.40798633 5.0 5e-05 33.964571 1.0 0.1 0.3 2 1.0 0 upstream
72 1 358 3.27952098 5.0 5e-05 33.964072 1.0 0.1 0.3 2 1.0 0 upstream
73 1 360 16.68750732 5.0 5e-05 33.963573 1.0 0.1 0.3 2 1.0 0 upstream
74 1 363 16.68750732 5.0 5e-05 33.963074 1.0 0.1 0.3 2 1.0 0 upstream
75 1 365 15.82039398 5.0 5e-05 33.962575 1.0 0.1 0.3 2 1.0 0 upstream
76 1 376 9.80585878 5.0 5e-05 33.962076 1.0 0.1 0.3 2 1.0 0 upstream
77 1 379 5.87330083 5.0 5e-05 33.961577 1.0 0.1 0.3 2 1.0 0 upstream
78 1 381 15.67915961 5.0 5e-05 33.961078 1.0 0.1 0.3 2 1.0 0 upstream
79 1 384 15.67915961 5.0 5e-05 33.960579 1.0 0.1 0.3 2 1.0 0 upstream
80 1 386 15.67915961 5.0 5e-05 33.96008 1.0 0.1 0.3 2 1.0 0 upstream
81 1 393 15.67915961 5.0 5e-05 33.959581 1.0 0.1 0.3 2 1.0 0 upstream
82 1 395 15.67915961 5.0 5e-05 33.959082 1.0 0.1 0.3 2 1.0 0 upstream
83 1 398 15.67915961 5.0 5e-05 33.958583 1.0 0.1 0.3 2 1.0 0 upstream
84 1 400 15.67915961 5.0 5e-05 33.958084 1.0 0.1 0.3 2 1.0 0 upstream
85 1 442 15.67915961 5.0 5e-05 33.957585 1.0 0.1 0.3 2 1.0 0 upstream
86 1 444 15.67915961 5.0 5e-05 33.957086 1.0 0.1 0.3 2 1.0 0 upstream
87 1 447 15.67915961 5.0 5e-05 33.956587 1.0 0.1 0.3 2 1.0 0 upstream
88 1 449 15.67915961 5.0 5e-05 33.956088 1.0 0.1 0.3 2 1.0 0 upstream
89 1 456 16.05434733 5.0 5e-05 33.955588999999996 1.0 0.1 0.3 2 1.0 0 upstream
90 1 458 16.19567365 5.0 5e-05 33.95509 1.0 0.1 0.3 2 1.0 0 upstream
91 1 463 2.70807138 5.0 5e-05 33.954591 1.0 0.1 0.3 2 1.0 0 upstream
92 1 464 16.19567365 5.0 5e-05 33.954092 1.0 0.1 0.3 2 1.0 0 upstream
93 1 466 13.48760227 5.0 5e-05 33.953593 1.0 0.1 0.3 2 1.0 0 upstream
94 1 484 13.50518715 5.0 5e-05 33.953094 1.0 0.1 0.3 2 1.0 0 upstream
95 1 486 16.19567365 5.0 5e-05 33.952595 1.0 0.1 0.3 2 1.0 0 upstream
96 1 488 16.19567365 5.0 5e-05 33.952096 1.0 0.1 0.3 2 1.0 0 upstream
97 1 491 16.19567365 5.0 5e-05 33.951597 1.0 0.1 0.3 2 1.0 0 upstream
98 1 492 8.10662927 5.0 5e-05 33.951098 1.0 0.1 0.3 2 1.0 0 upstream
99 1 493 8.08904439 5.0 5e-05 33.950599 1.0 0.1 0.3 2 1.0 0 upstream
100 1 496 16.19567365 5.0 5e-05 33.9501 1.0 0.1 0.3 2 1.0 0 upstream
101 1 498 16.19567365 5.0 5e-05 33.949601 1.0 0.1 0.3 2 1.0 0 upstream
102 1 501 16.19567365 5.0 5e-05 33.949101999999996 1.0 0.1 0.3 2 1.0 0 upstream
103 1 503 2.6904865 5.0 5e-05 33.948603 1.0 0.1 0.3 2 1.0 0 upstream
104 1 556 11.08032492 5.0 5e-05 33.948104 1.0 0.1 0.3 2 1.0 0 upstream
105 1 557 6.07788411 5.0 5e-05 33.947605 1.0 0.1 0.3 2 1.0 0 upstream
106 1 558 18.60838169 5.0 5e-05 33.947106 1.0 0.1 0.3 2 1.0 0 upstream
107 1 559 13.93187913 5.0 5e-05 33.946607 1.0 0.1 0.3 2 1.0 0 upstream
108 1 567 6.76763718 5.0 5e-05 33.946108 1.0 0.1 0.3 2 1.0 0 upstream
109 1 572 17.10427705 5.0 5e-05 33.945609 1.0 0.1 0.3 2 1.0 0 upstream
110 1 574 11.93595712 5.0 5e-05 33.94511 1.0 0.1 0.3 2 1.0 0 upstream
111 1 575 18.08911978 5.0 5e-05 33.944611 1.0 0.1 0.3 2 1.0 0 upstream
112 1 576 6.15316266 5.0 5e-05 33.944112 1.0 0.1 0.3 2 1.0 0 upstream
113 1 577 18.08911978 5.0 5e-05 33.943613 1.0 0.1 0.3 2 1.0 0 upstream
114 1 578 0.98484272 5.0 5e-05 33.943114 1.0 0.1 0.3 2 1.0 0 upstream
115 1 582 1.59931724 5.0 5e-05 33.942614999999996 1.0 0.1 0.3 2 1.0 0 upstream
116 1 583 14.52011709 5.0 5e-05 33.942116 1.0 0.1 0.3 2 1.0 0 upstream
117 1 584 16.48980253 5.0 5e-05 33.941617 1.0 0.1 0.3 2 1.0 0 upstream
118 1 585 18.08911978 5.0 5e-05 33.941118 1.0 0.1 0.3 2 1.0 0 upstream
119 1 586 11.3214826 5.0 5e-05 33.940619 1.0 0.1 0.3 2 1.0 0 upstream
120 1 589 3.56900269 5.0 5e-05 33.94012 1.0 0.1 0.3 2 1.0 0 upstream
121 1 604 17.07101947 5.0 5e-05 33.939621 1.0 0.1 0.3 2 1.0 0 upstream
122 1 605 5.46270679 5.0 5e-05 33.939122 1.0 0.1 0.3 2 1.0 0 upstream
123 1 606 12.00657429 5.0 5e-05 33.938623 1.0 0.1 0.3 2 1.0 0 upstream
124 1 610 5.46270679 5.0 5e-05 33.938124 1.0 0.1 0.3 2 1.0 0 upstream
125 1 611 17.46928107 5.0 5e-05 33.937625 1.0 0.1 0.3 2 1.0 0 upstream
126 1 613 12.00657429 5.0 5e-05 33.937126 1.0 0.1 0.3 2 1.0 0 upstream
127 1 620 9.35179715 5.0 5e-05 33.936627 1.0 0.1 0.3 2 1.0 0 upstream
128 1 621 18.08911978 5.0 5e-05 33.936128 1.0 0.1 0.3 2 1.0 0 upstream
129 1 623 17.46928107 5.0 5e-05 33.935629 1.0 0.1 0.3 2 1.0 0 upstream
130 1 624 5.46270679 5.0 5e-05 33.93513 1.0 0.1 0.3 2 1.0 0 upstream
131 1 625 12.00657429 5.0 5e-05 33.934631 1.0 0.1 0.3 2 1.0 0 upstream
132 1 627 19.10121471 5.0 5e-05 33.934132 1.0 0.1 0.3 2 1.0 0 upstream
133 1 629 3.56900269 5.0 5e-05 33.933633 1.0 0.1 0.3 2 1.0 0 upstream
134 1 639 4.18347721 5.0 5e-05 33.933134 1.0 0.1 0.3 2 1.0 0 upstream
135 1 640 18.08911978 5.0 5e-05 33.932635 1.0 0.1 0.3 2 1.0 0 upstream
136 1 641 13.90564257 5.0 5e-05 33.932136 1.0 0.1 0.3 2 1.0 0 upstream
137 1 643 8.73732263 5.0 5e-05 33.931637 1.0 0.1 0.3 2 1.0 0 upstream
138 1 693 13.36013844 5.0 5e-05 33.931138 1.0 0.1 0.3 2 1.0 0 upstream
139 1 695 6.84972177 5.0 5e-05 33.930639 1.0 0.1 0.3 2 1.0 0 upstream
140 1 696 12.68152823 5.0 5e-05 33.93014 1.0 0.1 0.3 2 1.0 0 upstream
141 1 697 16.9744543 5.0 5e-05 33.929641 1.0 0.1 0.3 2 1.0 0 upstream
142 1 708 15.89728574 5.0 5e-05 33.929142 1.0 0.1 0.3 2 1.0 0 upstream
143 1 710 15.89728574 5.0 5e-05 33.928643 1.0 0.1 0.3 2 1.0 0 upstream
144 1 713 15.24137167 5.0 5e-05 33.928144 1.0 0.1 0.3 2 1.0 0 upstream
145 1 715 15.89728574 5.0 5e-05 33.927645 1.0 0.1 0.3 2 1.0 0 upstream
146 1 716 0.65591407 5.0 5e-05 33.927146 1.0 0.1 0.3 2 1.0 0 upstream
147 1 725 15.89728574 5.0 5e-05 33.926647 1.0 0.1 0.3 2 1.0 0 upstream
148 1 727 15.89728574 5.0 5e-05 33.926148 1.0 0.1 0.3 2 1.0 0 upstream
149 1 730 15.89728574 5.0 5e-05 33.925649 1.0 0.1 0.3 2 1.0 0 upstream
150 1 731 9.94227642 5.0 5e-05 33.92515 1.0 0.1 0.3 2 1.0 0 upstream
151 1 732 5.95500932 5.0 5e-05 33.924651 1.0 0.1 0.3 2 1.0 0 upstream
152 1 737 1.0754433 5.0 5e-05 33.924152 1.0 0.1 0.3 2 1.0 0 upstream
153 1 738 20.00976324 5.0 5e-05 33.923653 1.0 0.1 0.3 2 1.0 0 upstream
154 1 740 5.63155235 5.0 5e-05 33.923154 1.0 0.1 0.3 2 1.0 0 upstream
155 1 741 0.3393051 5.0 5e-05 33.922655 1.0 0.1 0.3 2 1.0 0 upstream
156 1 742 19.1919449 5.0 5e-05 33.922156 1.0 0.1 0.3 2 1.0 0 upstream
157 1 743 18.93431994 5.0 5e-05 33.921656999999996 1.0 0.1 0.3 2 1.0 0 upstream
158 1 747 16.08276573 5.0 5e-05 33.921158 1.0 0.1 0.3 2 1.0 0 upstream
159 1 748 8.92943832 5.0 5e-05 33.920659 1.0 0.1 0.3 2 1.0 0 upstream
160 1 749 3.92699751 5.0 5e-05 33.92016 1.0 0.1 0.3 2 1.0 0 upstream
161 1 754 19.53125 5.0 5e-05 33.919661 1.0 0.1 0.3 2 1.0 0 upstream
162 1 756 6.17111156 5.0 5e-05 33.919162 1.0 0.1 0.3 2 1.0 0 upstream
163 1 809 15.89728574 5.0 5e-05 33.918663 1.0 0.1 0.3 2 1.0 0 upstream
164 1 811 15.89728574 5.0 5e-05 33.918164 1.0 0.1 0.3 2 1.0 0 upstream
165 1 814 15.89728574 5.0 5e-05 33.917665 1.0 0.1 0.3 2 1.0 0 upstream
166 1 816 15.89728574 5.0 5e-05 33.917166 1.0 0.1 0.3 2 1.0 0 upstream
167 1 821 4.64318118 5.0 5e-05 33.916667 1.0 0.1 0.3 2 1.0 0 upstream
168 1 823 15.89728574 5.0 5e-05 33.916168 1.0 0.1 0.3 2 1.0 0 upstream
169 1 826 15.89728574 5.0 5e-05 33.915669 1.0 0.1 0.3 2 1.0 0 upstream
170 1 828 15.89728574 5.0 5e-05 33.915169999999996 1.0 0.1 0.3 2 1.0 0 upstream
171 1 829 11.25410456 5.0 5e-05 33.914671 1.0 0.1 0.3 2 1.0 0 upstream
172 1 842 15.84495721 5.0 5e-05 33.914172 1.0 0.1 0.3 2 1.0 0 upstream
173 1 844 15.625 5.0 5e-05 33.913673 1.0 0.1 0.3 2 1.0 0 upstream
174 1 847 15.625 5.0 5e-05 33.913174 1.0 0.1 0.3 2 1.0 0 upstream
175 1 849 15.625 5.0 5e-05 33.912675 1.0 0.1 0.3 2 1.0 0 upstream
176 1 856 15.625 5.0 5e-05 33.912176 1.0 0.1 0.3 2 1.0 0 upstream
177 1 858 15.625 5.0 5e-05 33.911677 1.0 0.1 0.3 2 1.0 0 upstream
178 1 861 15.625 5.0 5e-05 33.911178 1.0 0.1 0.3 2 1.0 0 upstream
179 1 863 15.625 5.0 5e-05 33.910679 1.0 0.1 0.3 2 1.0 0 upstream
180 1 908 15.625 5.0 5e-05 33.91018 1.0 0.1 0.3 2 1.0 0 upstream
181 1 910 15.625 5.0 5e-05 33.909681 1.0 0.1 0.3 2 1.0 0 upstream
182 1 913 15.625 5.0 5e-05 33.909182 1.0 0.1 0.3 2 1.0 0 upstream
183 1 915 15.625 5.0 5e-05 33.908682999999996 1.0 0.1 0.3 2 1.0 0 upstream
184 1 922 15.78766399 5.0 5e-05 33.908184 1.0 0.1 0.3 2 1.0 0 upstream
185 1 924 16.68750732 5.0 5e-05 33.907685 1.0 0.1 0.3 2 1.0 0 upstream
186 1 927 14.96621177 5.0 5e-05 33.907186 1.0 0.1 0.3 2 1.0 0 upstream
187 1 932 1.72129554 5.0 5e-05 33.906687 1.0 0.1 0.3 2 1.0 0 upstream
188 1 934 16.68750732 5.0 5e-05 33.906188 1.0 0.1 0.3 2 1.0 0 upstream
189 1 945 16.68750732 5.0 5e-05 33.905689 1.0 0.1 0.3 2 1.0 0 upstream
190 1 947 9.40370933 5.0 5e-05 33.90519 1.0 0.1 0.3 2 1.0 0 upstream
191 1 948 7.28379798 5.0 5e-05 33.904691 1.0 0.1 0.3 2 1.0 0 upstream
192 1 951 16.68750732 5.0 5e-05 33.904192 1.0 0.1 0.3 2 1.0 0 upstream
193 1 953 16.68750732 5.0 5e-05 33.903693 1.0 0.1 0.3 2 1.0 0 upstream
194 1 960 3.8412069 5.0 5e-05 33.903194 1.0 0.1 0.3 2 1.0 0 upstream
195 1 963 12.84630042 5.0 5e-05 33.902695 1.0 0.1 0.3 2 1.0 0 upstream
196 1 965 19.48535944 5.0 5e-05 33.902195999999996 1.0 0.1 0.3 2 1.0 0 upstream
197 1 968 0.64730304 5.0 5e-05 33.901697 1.0 0.1 0.3 2 1.0 0 upstream
198 1 969 20.76200354 5.0 5e-05 33.901198 1.0 0.1 0.3 2 1.0 0 upstream
199 1 981 2.31869746 5.0 5e-05 33.900699 1.0 0.1 0.3 2 1.0 0 upstream
200 1 983 18.44330608 5.0 5e-05 33.9002 1.0 0.1 0.3 2 1.0 0 upstream
201 1 984 5.28469797 5.0 5e-05 33.899701 1.0 0.1 0.3 2 1.0 0 upstream
202 1 1065 15.47730557 5.0 5e-05 33.899202 1.0 0.1 0.3 2 1.0 0 upstream
203 1 1068 8.25069848 5.0 5e-05 33.898703 1.0 0.1 0.3 2 1.0 0 upstream
204 1 1070 12.51130507 5.0 5e-05 33.898204 1.0 0.1 0.3 2 1.0 0 upstream
205 1 1071 11.21669898 5.0 5e-05 33.897705 1.0 0.1 0.3 2 1.0 0 upstream
206 1 1074 9.54530456 5.0 5e-05 33.897206 1.0 0.1 0.3 2 1.0 0 upstream
207 1 1079 14.18269949 5.0 5e-05 33.896707 1.0 0.1 0.3 2 1.0 0 upstream
208 1 1081 6.57930405 5.0 5e-05 33.896208 1.0 0.1 0.3 2 1.0 0 upstream
209 1 1082 17.14869999 5.0 5e-05 33.895709 1.0 0.1 0.3 2 1.0 0 upstream
210 1 1089 3.61330355 5.0 5e-05 33.89521 1.0 0.1 0.3 2 1.0 0 upstream
211 1 1092 20.1147005 5.0 5e-05 33.894711 1.0 0.1 0.3 2 1.0 0 upstream
212 1 1094 0.64730304 5.0 5e-05 33.894211999999996 1.0 0.1 0.3 2 1.0 0 upstream
213 1 1095 18.01671937 5.0 5e-05 33.893713 1.0 0.1 0.3 2 1.0 0 upstream
214 1 1105 16.79645942 5.0 5e-05 33.893214 1.0 0.1 0.3 2 1.0 0 upstream
215 1 1108 0.20303412 5.0 5e-05 33.892715 1.0 0.1 0.3 2 1.0 0 upstream
216 1 1109 16.99949354 5.0 5e-05 33.892216 1.0 0.1 0.3 2 1.0 0 upstream
217 1 1112 16.99949354 5.0 5e-05 33.891717 1.0 0.1 0.3 2 1.0 0 upstream
218 1 1113 5.46346372 5.0 5e-05 33.891218 1.0 0.1 0.3 2 1.0 0 upstream
219 1 1115 11.53602982 5.0 5e-05 33.890719 1.0 0.1 0.3 2 1.0 0 upstream
220 1 1120 16.99949354 5.0 5e-05 33.89022 1.0 0.1 0.3 2 1.0 0 upstream
221 1 1121 11.12996157 5.0 5e-05 33.889721 1.0 0.1 0.3 2 1.0 0 upstream
222 1 1132 5.86953197 5.0 5e-05 33.889222 1.0 0.1 0.3 2 1.0 0 upstream
223 1 1135 17.34818885 5.0 5e-05 33.888723 1.0 0.1 0.3 2 1.0 0 upstream
224 1 1136 8.49334285 5.0 5e-05 33.888224 1.0 0.1 0.3 2 1.0 0 upstream
225 1 1138 13.60374406 5.0 5e-05 33.887724999999996 1.0 0.1 0.3 2 1.0 0 upstream
226 1 1153 8.49334285 5.0 5e-05 33.887226 1.0 0.1 0.3 2 1.0 0 upstream
227 1 1156 13.60374406 5.0 5e-05 33.886727 1.0 0.1 0.3 2 1.0 0 upstream
228 1 1157 8.49334285 5.0 5e-05 33.886228 1.0 0.1 0.3 2 1.0 0 upstream
229 1 1159 13.60374406 5.0 5e-05 33.885729 1.0 0.1 0.3 2 1.0 0 upstream
230 1 1162 7.7451008 5.0 5e-05 33.88523 1.0 0.1 0.3 2 1.0 0 upstream
231 1 1169 17.67958094 5.0 5e-05 33.884731 1.0 0.1 0.3 2 1.0 0 upstream
232 1 1171 5.54126569 5.0 5e-05 33.884232 1.0 0.1 0.3 2 1.0 0 upstream
233 1 1172 12.13831525 5.0 5e-05 33.883733 1.0 0.1 0.3 2 1.0 0 upstream
234 1 1175 17.67958094 5.0 5e-05 33.883234 1.0 0.1 0.3 2 1.0 0 upstream
235 1 1177 3.5768678 5.0 5e-05 33.882735 1.0 0.1 0.3 2 1.0 0 upstream
236 1 1182 14.10271313 5.0 5e-05 33.882236 1.0 0.1 0.3 2 1.0 0 upstream
237 1 1263 17.67958094 5.0 5e-05 33.881737 1.0 0.1 0.3 2 1.0 0 upstream
238 1 1265 1.61246992 5.0 5e-05 33.881237999999996 1.0 0.1 0.3 2 1.0 0 upstream
239 1 1266 16.06711102 5.0 5e-05 33.880739 1.0 0.1 0.3 2 1.0 0 upstream
240 1 1269 17.32765298 5.0 5e-05 33.88024 1.0 0.1 0.3 2 1.0 0 upstream
241 1 1272 0.35192796 5.0 5e-05 33.879741 1.0 0.1 0.3 2 1.0 0 upstream
242 1 1274 17.67958094 5.0 5e-05 33.879242 1.0 0.1 0.3 2 1.0 0 upstream
243 1 1278 15.3632551 5.0 5e-05 33.878743 1.0 0.1 0.3 2 1.0 0 upstream
244 1 1279 2.31632584 5.0 5e-05 33.878244 1.0 0.1 0.3 2 1.0 0 upstream
245 1 1281 17.67958094 5.0 5e-05 33.877745 1.0 0.1 0.3 2 1.0 0 upstream
246 1 1284 13.39885722 5.0 5e-05 33.877246 1.0 0.1 0.3 2 1.0 0 upstream
247 1 1294 4.28072372 5.0 5e-05 33.876747 1.0 0.1 0.3 2 1.0 0 upstream
248 1 1296 17.67958094 5.0 5e-05 33.876248 1.0 0.1 0.3 2 1.0 0 upstream
249 1 1307 11.43445933 5.0 5e-05 33.875749 1.0 0.1 0.3 2 1.0 0 upstream
250 1 1308 6.24512161 5.0 5e-05 33.87525 1.0 0.1 0.3 2 1.0 0 upstream
251 1 1310 17.67958094 5.0 5e-05 33.874750999999996 1.0 0.1 0.3 2 1.0 0 upstream
252 1 1313 9.47006145 5.0 5e-05 33.874252 1.0 0.1 0.3 2 1.0 0 upstream
253 1 1316 8.20951949 5.0 5e-05 33.873753 1.0 0.1 0.3 2 1.0 0 upstream
254 1 1318 17.67958094 5.0 5e-05 33.873254 1.0 0.1 0.3 2 1.0 0 upstream
255 1 1325 7.50566357 5.0 5e-05 33.872755 1.0 0.1 0.3 2 1.0 0 upstream
256 1 1326 10.17391737 5.0 5e-05 33.872256 1.0 0.1 0.3 2 1.0 0 upstream
257 1 1328 17.67958094 5.0 5e-05 33.871757 1.0 0.1 0.3 2 1.0 0 upstream
258 1 1331 5.54126569 5.0 5e-05 33.871258 1.0 0.1 0.3 2 1.0 0 upstream
259 1 1336 11.10197565 5.0 5e-05 33.870759 1.0 0.1 0.3 2 1.0 0 upstream
260 1 1338 15.84052742 5.0 5e-05 33.87026 1.0 0.1 0.3 2 1.0 0 upstream
261 1 1380 15.84052742 5.0 5e-05 33.869761 1.0 0.1 0.3 2 1.0 0 upstream
262 1 1382 15.84052742 5.0 5e-05 33.869262 1.0 0.1 0.3 2 1.0 0 upstream
263 1 1385 15.84052742 5.0 5e-05 33.868763 1.0 0.1 0.3 2 1.0 0 upstream
264 1 1387 15.84052742 5.0 5e-05 33.868263999999996 1.0 0.1 0.3 2 1.0 0 upstream
265 1 1394 0.72236933 5.0 5e-05 33.867765 1.0 0.1 0.3 2 1.0 0 upstream
266 1 1395 15.11815809 5.0 5e-05 33.867266 1.0 0.1 0.3 2 1.0 0 upstream
267 1 1397 15.78381883 5.0 5e-05 33.866766999999996 1.0 0.1 0.3 2 1.0 0 upstream
268 1 1400 15.78363351 5.0 5e-05 33.866268 1.0 0.1 0.3 2 1.0 0 upstream
269 1 1402 15.78363351 5.0 5e-05 33.865769 1.0 0.1 0.3 2 1.0 0 upstream
270 1 1413 15.78363351 5.0 5e-05 33.86527 1.0 0.1 0.3 2 1.0 0 upstream
271 1 1415 15.78363351 5.0 5e-05 33.864771 1.0 0.1 0.3 2 1.0 0 upstream
272 1 1418 13.98419646 5.0 5e-05 33.864272 1.0 0.1 0.3 2 1.0 0 upstream
273 1 1421 1.79943704 5.0 5e-05 33.863773 1.0 0.1 0.3 2 1.0 0 upstream
274 1 1423 15.78363351 5.0 5e-05 33.863274 1.0 0.1 0.3 2 1.0 0 upstream
275 1 1427 16.48508175 5.0 5e-05 33.862775 1.0 0.1 0.3 2 1.0 0 upstream
276 1 1429 17.87435788 5.0 5e-05 33.862276 1.0 0.1 0.3 2 1.0 0 upstream
277 1 1432 0.12808986 5.0 5e-05 33.861777 1.0 0.1 0.3 2 1.0 0 upstream
278 1 1433 17.74626802 5.0 5e-05 33.861278 1.0 0.1 0.3 2 1.0 0 upstream
279 1 1435 14.42757617 5.0 5e-05 33.860779 1.0 0.1 0.3 2 1.0 0 upstream
280 1 1450 3.44678172 5.0 5e-05 33.860279999999996 1.0 0.1 0.3 2 1.0 0 upstream
281 1 1486 17.87435788 5.0 5e-05 33.859781 1.0 0.1 0.3 2 1.0 0 upstream
282 1 1488 10.85270459 5.0 5e-05 33.859282 1.0 0.1 0.3 2 1.0 0 upstream
283 1 1489 7.02165329 5.0 5e-05 33.858783 1.0 0.1 0.3 2 1.0 0 upstream
284 1 1492 17.87435788 5.0 5e-05 33.858284 1.0 0.1 0.3 2 1.0 0 upstream
285 1 1494 7.27783301 5.0 5e-05 33.857785 1.0 0.1 0.3 2 1.0 0 upstream
286 1 1497 10.59652487 5.0 5e-05 33.857286 1.0 0.1 0.3 2 1.0 0 upstream
287 1 1504 17.87435788 5.0 5e-05 33.856787 1.0 0.1 0.3 2 1.0 0 upstream
288 1 1506 3.70296144 5.0 5e-05 33.856288 1.0 0.1 0.3 2 1.0 0 upstream
289 1 1507 14.17139645 5.0 5e-05 33.855789 1.0 0.1 0.3 2 1.0 0 upstream
290 1 1510 15.76848174 5.0 5e-05 33.85529 1.0 0.1 0.3 2 1.0 0 upstream
291 1 1515 3.41871777 5.0 5e-05 33.854791 1.0 0.1 0.3 2 1.0 0 upstream
292 1 1517 20.57934031 5.0 5e-05 33.854292 1.0 0.1 0.3 2 1.0 0 upstream
293 1 1528 0.01117228 5.0 5e-05 33.853792999999996 1.0 0.1 0.3 2 1.0 0 upstream
294 1 1529 20.56816803 5.0 5e-05 33.853294 1.0 0.1 0.3 2 1.0 0 upstream
295 1 1531 3.44106233 5.0 5e-05 33.852795 1.0 0.1 0.3 2 1.0 0 upstream
296 1 1534 17.13827798 5.0 5e-05 33.852296 1.0 0.1 0.3 2 1.0 0 upstream
297 1 1537 6.87095238 5.0 5e-05 33.851797 1.0 0.1 0.3 2 1.0 0 upstream
298 1 1538 13.70838792 5.0 5e-05 33.851298 1.0 0.1 0.3 2 1.0 0 upstream
299 1 1540 10.30084243 5.0 5e-05 33.850799 1.0 0.1 0.3 2 1.0 0 upstream
300 1 1550 10.27849787 5.0 5e-05 33.8503 1.0 0.1 0.3 2 1.0 0 upstream
301 1 1554 13.73073248 5.0 5e-05 33.849801 1.0 0.1 0.3 2 1.0 0 upstream
302 1 1555 6.84860782 5.0 5e-05 33.849302 1.0 0.1 0.3 2 1.0 0 upstream
303 1 1557 17.16062254 5.0 5e-05 33.848803 1.0 0.1 0.3 2 1.0 0 upstream
304 1 1560 3.41871777 5.0 5e-05 33.848304 1.0 0.1 0.3 2 1.0 0 upstream
305 1 1563 20.10994944 5.0 5e-05 33.847805 1.0 0.1 0.3 2 1.0 0 upstream
306 1 1565 1.18950547 5.0 5e-05 33.847305999999996 1.0 0.1 0.3 2 1.0 0 upstream
307 1 1566 18.82025777 5.0 5e-05 33.846807 1.0 0.1 0.3 2 1.0 0 upstream
308 1 1605 6.19194628 5.0 5e-05 33.846308 1.0 0.1 0.3 2 1.0 0 upstream
309 1 1610 13.81781696 5.0 5e-05 33.845809 1.0 0.1 0.3 2 1.0 0 upstream
310 1 1612 11.19438709 5.0 5e-05 33.84531 1.0 0.1 0.3 2 1.0 0 upstream
311 1 1613 8.81537615 5.0 5e-05 33.844811 1.0 0.1 0.3 2 1.0 0 upstream
312 1 1616 16.1968279 5.0 5e-05 33.844312 1.0 0.1 0.3 2 1.0 0 upstream
313 1 1619 3.81293534 5.0 5e-05 33.843813 1.0 0.1 0.3 2 1.0 0 upstream
314 1 1621 20.00976324 5.0 5e-05 33.843314 1.0 0.1 0.3 2 1.0 0 upstream
315 1 1625 1.18950547 5.0 5e-05 33.842815 1.0 0.1 0.3 2 1.0 0 upstream
316 1 1626 18.82025777 5.0 5e-05 33.842316 1.0 0.1 0.3 2 1.0 0 upstream
317 1 1628 6.19194628 5.0 5e-05 33.841817 1.0 0.1 0.3 2 1.0 0 upstream
318 1 1643 13.81781696 5.0 5e-05 33.841318 1.0 0.1 0.3 2 1.0 0 upstream
319 1 1646 11.19438709 5.0 5e-05 33.840818999999996 1.0 0.1 0.3 2 1.0 0 upstream
320 1 1647 8.81537615 5.0 5e-05 33.84032 1.0 0.1 0.3 2 1.0 0 upstream
321 1 1649 16.1968279 5.0 5e-05 33.839821 1.0 0.1 0.3 2 1.0 0 upstream
322 1 1652 3.81293534 5.0 5e-05 33.839322 1.0 0.1 0.3 2 1.0 0 upstream
323 1 1663 20.00976324 5.0 5e-05 33.838823 1.0 0.1 0.3 2 1.0 0 upstream
324 1 1665 1.18950547 5.0 5e-05 33.838324 1.0 0.1 0.3 2 1.0 0 upstream
325 1 1666 15.3868763 5.0 5e-05 33.837825 1.0 0.1 0.3 2 1.0 0 upstream
326 1 1669 16.10588135 5.0 5e-05 33.837326 1.0 0.1 0.3 2 1.0 0 upstream
327 1 1671 16.10588135 5.0 5e-05 33.836827 1.0 0.1 0.3 2 1.0 0 upstream
328 1 1678 14.8992518 5.0 5e-05 33.836328 1.0 0.1 0.3 2 1.0 0 upstream
329 1 1683 1.20662955 5.0 5e-05 33.835829 1.0 0.1 0.3 2 1.0 0 upstream
330 1 1685 16.10588135 5.0 5e-05 33.83533 1.0 0.1 0.3 2 1.0 0 upstream
331 1 1688 16.10588135 5.0 5e-05 33.834831 1.0 0.1 0.3 2 1.0 0 upstream
332 1 1690 16.10588135 5.0 5e-05 33.834331999999996 1.0 0.1 0.3 2 1.0 0 upstream
333 1 1739 8.34283288 5.0 5e-05 33.833833 1.0 0.1 0.3 2 1.0 0 upstream
334 1 1740 3.34039207 5.0 5e-05 33.833334 1.0 0.1 0.3 2 1.0 0 upstream
335 1 1741 20.00976324 5.0 5e-05 33.832834999999996 1.0 0.1 0.3 2 1.0 0 upstream
336 1 1742 16.66937117 5.0 5e-05 33.832336 1.0 0.1 0.3 2 1.0 0 upstream
337 1 1755 13.34527369 5.0 5e-05 33.831837 1.0 0.1 0.3 2 1.0 0 upstream
338 1 1756 18.3477145 5.0 5e-05 33.831338 1.0 0.1 0.3 2 1.0 0 upstream
339 1 1757 6.66448955 5.0 5e-05 33.830839 1.0 0.1 0.3 2 1.0 0 upstream
340 1 1758 3.34039207 5.0 5e-05 33.83034 1.0 0.1 0.3 2 1.0 0 upstream
341 1 1759 20.00976324 5.0 5e-05 33.829841 1.0 0.1 0.3 2 1.0 0 upstream
342 1 1760 17.54299042 5.0 5e-05 33.829342 1.0 0.1 0.3 2 1.0 0 upstream
343 1 1762 1.66204874 5.0 5e-05 33.828843 1.0 0.1 0.3 2 1.0 0 upstream
344 1 1770 18.3477145 5.0 5e-05 33.828344 1.0 0.1 0.3 2 1.0 0 upstream
345 1 1772 3.34039207 5.0 5e-05 33.827844999999996 1.0 0.1 0.3 2 1.0 0 upstream
346 1 1773 8.34283288 5.0 5e-05 33.827346 1.0 0.1 0.3 2 1.0 0 upstream
347 1 1774 16.66937117 5.0 5e-05 33.826847 1.0 0.1 0.3 2 1.0 0 upstream
348 1 1775 20.00976324 5.0 5e-05 33.826347999999996 1.0 0.1 0.3 2 1.0 0 upstream
349 1 1776 1.66204874 5.0 5e-05 33.825849 1.0 0.1 0.3 2 1.0 0 upstream
350 1 1779 13.34527369 5.0 5e-05 33.82535 1.0 0.1 0.3 2 1.0 0 upstream
351 1 1780 11.66693036 5.0 5e-05 33.824851 1.0 0.1 0.3 2 1.0 0 upstream
352 1 1781 6.66448955 5.0 5e-05 33.824352 1.0 0.1 0.3 2 1.0 0 upstream
353 1 1786 11.66693036 5.0 5e-05 33.823853 1.0 0.1 0.3 2 1.0 0 upstream
354 1 1798 3.34039207 5.0 5e-05 33.823354 1.0 0.1 0.3 2 1.0 0 upstream
355 1 1799 8.34283288 5.0 5e-05 33.822855 1.0 0.1 0.3 2 1.0 0 upstream
356 1 1800 16.66937117 5.0 5e-05 33.822356 1.0 0.1 0.3 2 1.0 0 upstream
357 1 1801 14.8992518 5.0 5e-05 33.821857 1.0 0.1 0.3 2 1.0 0 upstream
358 1 1802 1.20662955 5.0 5e-05 33.821358 1.0 0.1 0.3 2 1.0 0 upstream
359 1 1804 17.20829263 5.0 5e-05 33.820859 1.0 0.1 0.3 2 1.0 0 upstream
360 1 1806 20.00976324 5.0 5e-05 33.82036 1.0 0.1 0.3 2 1.0 0 upstream
361 1 1807 1.66204874 5.0 5e-05 33.819860999999996 1.0 0.1 0.3 2 1.0 0 upstream
362 1 1812 13.34527369 5.0 5e-05 33.819362 1.0 0.1 0.3 2 1.0 0 upstream
363 1 1813 18.3477145 5.0 5e-05 33.818863 1.0 0.1 0.3 2 1.0 0 upstream
364 1 1814 6.66448955 5.0 5e-05 33.818364 1.0 0.1 0.3 2 1.0 0 upstream
365 1 1815 11.66693036 5.0 5e-05 33.817865 1.0 0.1 0.3 2 1.0 0 upstream
366 1 1819 1.66204874 5.0 5e-05 33.817366 1.0 0.1 0.3 2 1.0 0 upstream
367 1 1872 6.08864194 5.0 5e-05 33.816867 1.0 0.1 0.3 2 1.0 0 upstream
368 1 1874 16.164156 5.0 5e-05 33.816368 1.0 0.1 0.3 2 1.0 0 upstream
369 1 1877 13.31223477 5.0 5e-05 33.815869 1.0 0.1 0.3 2 1.0 0 upstream
370 1 1880 11.38063914 5.0 5e-05 33.81537 1.0 0.1 0.3 2 1.0 0 upstream
371 1 1885 2.52829265 5.0 5e-05 33.814871 1.0 0.1 0.3 2 1.0 0 upstream
372 1 1887 15.84052742 5.0 5e-05 33.814372 1.0 0.1 0.3 2 1.0 0 upstream
373 1 1894 15.84052742 5.0 5e-05 33.813873 1.0 0.1 0.3 2 1.0 0 upstream
374 1 1896 15.84052742 5.0 5e-05 33.813373999999996 1.0 0.1 0.3 2 1.0 0 upstream
375 1 1899 15.84052742 5.0 5e-05 33.812875 1.0 0.1 0.3 2 1.0 0 upstream
376 1 1901 16.62879643 5.0 5e-05 33.812376 1.0 0.1 0.3 2 1.0 0 upstream
377 1 1912 0.31272995 5.0 5e-05 33.811877 1.0 0.1 0.3 2 1.0 0 upstream
378 1 1913 18.88888895 5.0 5e-05 33.811378 1.0 0.1 0.3 2 1.0 0 upstream
379 1 1915 7.99337751 5.0 5e-05 33.810879 1.0 0.1 0.3 2 1.0 0 upstream
380 1 1918 11.20824139 5.0 5e-05 33.81038 1.0 0.1 0.3 2 1.0 0 upstream
381 1 1921 15.67402507 5.0 5e-05 33.809881 1.0 0.1 0.3 2 1.0 0 upstream
382 1 1922 3.52759383 5.0 5e-05 33.809382 1.0 0.1 0.3 2 1.0 0 upstream
383 1 1924 19.2016189 5.0 5e-05 33.808883 1.0 0.1 0.3 2 1.0 0 upstream
384 1 1928 4.15305373 5.0 5e-05 33.808384 1.0 0.1 0.3 2 1.0 0 upstream
385 1 1938 15.04856517 5.0 5e-05 33.807885 1.0 0.1 0.3 2 1.0 0 upstream
386 1 1940 11.83370129 5.0 5e-05 33.807386 1.0 0.1 0.3 2 1.0 0 upstream
387 1 1941 7.36791761 5.0 5e-05 33.806886999999996 1.0 0.1 0.3 2 1.0 0 upstream
388 1 1944 19.2016189 5.0 5e-05 33.806388 1.0 0.1 0.3 2 1.0 0 upstream
389 1 1946 0.31272995 5.0 5e-05 33.805889 1.0 0.1 0.3 2 1.0 0 upstream
390 1 1949 17.01584597 5.0 5e-05 33.805389999999996 1.0 0.1 0.3 2 1.0 0 upstream
391 1 2006 15.93443598 5.0 5e-05 33.804891 1.0 0.1 0.3 2 1.0 0 upstream
392 1 2008 15.93443598 5.0 5e-05 33.804392 1.0 0.1 0.3 2 1.0 0 upstream
393 1 2011 15.31159158 5.0 5e-05 33.803893 1.0 0.1 0.3 2 1.0 0 upstream
394 1 2012 0.6228444 5.0 5e-05 33.803394 1.0 0.1 0.3 2 1.0 0 upstream
395 1 2014 15.93443598 5.0 5e-05 33.802895 1.0 0.1 0.3 2 1.0 0 upstream
396 1 2021 16.03467073 5.0 5e-05 33.802396 1.0 0.1 0.3 2 1.0 0 upstream
397 1 2022 2.88918295 5.0 5e-05 33.801897 1.0 0.1 0.3 2 1.0 0 upstream
398 1 2023 14.03790038 5.0 5e-05 33.801398 1.0 0.1 0.3 2 1.0 0 upstream
399 1 2025 16.92708333 5.0 5e-05 33.800899 1.0 0.1 0.3 2 1.0 0 upstream
400 1 2027 16.92708333 5.0 5e-05 33.800399999999996 1.0 0.1 0.3 2 1.0 0 upstream
401 1 2043 16.43084962 5.0 5e-05 33.799901 1.0 0.1 0.3 2 1.0 0 upstream
402 1 2046 16.92708333 5.0 5e-05 33.799402 1.0 0.1 0.3 2 1.0 0 upstream
403 1 2047 9.66001629 5.0 5e-05 33.798902999999996 1.0 0.1 0.3 2 1.0 0 upstream
404 1 2048 7.26706705 5.0 5e-05 33.798404 1.0 0.1 0.3 2 1.0 0 upstream
405 1 2050 13.04543295 5.0 5e-05 33.797905 1.0 0.1 0.3 2 1.0 0 upstream
406 1 2052 16.92708333 5.0 5e-05 33.797406 1.0 0.1 0.3 2 1.0 0 upstream
407 1 2053 3.88165038 5.0 5e-05 33.796907 1.0 0.1 0.3 2 1.0 0 upstream
408 1 2057 6.27459962 5.0 5e-05 33.796408 1.0 0.1 0.3 2 1.0 0 upstream
409 1 2058 10.65248371 5.0 5e-05 33.795909 1.0 0.1 0.3 2 1.0 0 upstream
410 1 2059 16.92708333 5.0 5e-05 33.79541 1.0 0.1 0.3 2 1.0 0 upstream
411 1 2066 16.92708333 5.0 5e-05 33.794911 1.0 0.1 0.3 2 1.0 0 downstream
412 1 2068 0.49623371 5.0 5e-05 33.794412 1.0 0.1 0.3 2 1.0 0 downstream
413 1 2123 5.55430967 5.0 5e-05 33.793912999999996 1.0 0.1 0.3 2 1.0 0 downstream
414 1 2124 11.20994174 5.0 5e-05 33.793414 1.0 0.1 0.3 2 1.0 0 downstream
415 1 2125 14.24040257 5.0 5e-05 33.792915 1.0 0.1 0.3 2 1.0 0 downstream
416 1 2127 15.75149243 5.0 5e-05 33.792415999999996 1.0 0.1 0.3 2 1.0 0 downstream
417 1 2128 14.09465235 5.0 5e-05 33.791917 1.0 0.1 0.3 2 1.0 0 downstream
418 1 2129 6.09379993 5.0 5e-05 33.791418 1.0 0.1 0.3 2 1.0 0 downstream
419 1 2130 8.5847705 5.0 5e-05 33.790919 1.0 0.1 0.3 2 1.0 0 downstream
420 1 2136 9.60832962 5.0 5e-05 33.79042 1.0 0.1 0.3 2 1.0 0 downstream
421 1 2137 5.12200689 5.0 5e-05 33.789921 1.0 0.1 0.3 2 1.0 0 downstream
422 1 2138 15.06644538 5.0 5e-05 33.789422 1.0 0.1 0.3 2 1.0 0 downstream
423 1 2140 0.63568417 5.0 5e-05 33.788923 1.0 0.1 0.3 2 1.0 0 downstream
424 1 2142 20.18845228 5.0 5e-05 33.788424 1.0 0.1 0.3 2 1.0 0 downstream
425 1 2143 19.55276811 5.0 5e-05 33.787925 1.0 0.1 0.3 2 1.0 0 downstream
426 1 2147 10.58012266 5.0 5e-05 33.787425999999996 1.0 0.1 0.3 2 1.0 0 downstream
427 1 2163 16.86557381 5.0 5e-05 33.786927 1.0 0.1 0.3 2 1.0 0 downstream
428 1 2164 16.75231634 5.0 5e-05 33.786428 1.0 0.1 0.3 2 1.0 0 downstream
429 1 2169 8.3821257 5.0 5e-05 33.785928999999996 1.0 0.1 0.3 2 1.0 0 downstream
430 1 2173 19.69338984 5.0 5e-05 33.78543 1.0 0.1 0.3 2 1.0 0 downstream
431 1 2174 14.03775777 5.0 5e-05 33.784931 1.0 0.1 0.3 2 1.0 0 downstream
432 1 2175 11.41258654 5.0 5e-05 33.784432 1.0 0.1 0.3 2 1.0 0 downstream
433 1 2176 5.75695447 5.0 5e-05 33.783933 1.0 0.1 0.3 2 1.0 0 downstream
434 1 2178 2.72649364 5.0 5e-05 33.783434 1.0 0.1 0.3 2 1.0 0 downstream
435 1 2179 19.79471224 5.0 5e-05 33.782935 1.0 0.1 0.3 2 1.0 0 downstream
436 1 2180 17.06821861 5.0 5e-05 33.782436 1.0 0.1 0.3 2 1.0 0 downstream
437 1 2182 2.92913843 5.0 5e-05 33.781937 1.0 0.1 0.3 2 1.0 0 downstream
438 1 2192 15.625 5.0 5e-05 33.781438 1.0 0.1 0.3 2 1.0 0 downstream
439 1 2193 15.625 5.0 5e-05 33.780939 1.0 0.1 0.3 2 1.0 0 downstream
440 1 2196 15.625 5.0 5e-05 33.78044 1.0 0.1 0.3 2 1.0 0 downstream
441 1 2197 15.625 5.0 5e-05 33.779941 1.0 0.1 0.3 2 1.0 0 downstream
442 1 2202 15.625 5.0 5e-05 33.779441999999996 1.0 0.1 0.3 2 1.0 0 downstream
443 1 2203 15.625 5.0 5e-05 33.778943 1.0 0.1 0.3 2 1.0 0 downstream
444 1 2206 15.625 5.0 5e-05 33.778444 1.0 0.1 0.3 2 1.0 0 downstream
445 1 2207 15.625 5.0 5e-05 33.777944999999995 1.0 0.1 0.3 2 1.0 0 downstream
446 1 2216 19.79471224 5.0 5e-05 33.777446 1.0 0.1 0.3 2 1.0 0 downstream
447 1 2217 0.1013224 5.0 5e-05 33.776947 1.0 0.1 0.3 2 1.0 0 downstream
448 1 2234 15.625 5.0 5e-05 33.776448 1.0 0.1 0.3 2 1.0 0 downstream
449 1 2235 15.625 5.0 5e-05 33.775949 1.0 0.1 0.3 2 1.0 0 downstream
450 1 2238 15.625 5.0 5e-05 33.77545 1.0 0.1 0.3 2 1.0 0 downstream
451 1 2239 15.625 5.0 5e-05 33.774951 1.0 0.1 0.3 2 1.0 0 downstream
452 1 2244 15.625 5.0 5e-05 33.774452 1.0 0.1 0.3 2 1.0 0 downstream
453 1 2245 15.625 5.0 5e-05 33.773953 1.0 0.1 0.3 2 1.0 0 downstream
454 1 2248 15.625 5.0 5e-05 33.773454 1.0 0.1 0.3 2 1.0 0 downstream
455 1 2249 15.63943428 5.0 5e-05 33.772954999999996 1.0 0.1 0.3 2 1.0 0 downstream
456 1 2261 10.36236288 5.0 5e-05 33.772456 1.0 0.1 0.3 2 1.0 0 downstream
457 1 2262 15.67115963 5.0 5e-05 33.771957 1.0 0.1 0.3 2 1.0 0 downstream
458 1 2263 5.30879675 5.0 5e-05 33.771457999999996 1.0 0.1 0.3 2 1.0 0 downstream
459 1 2264 15.67115963 5.0 5e-05 33.770959 1.0 0.1 0.3 2 1.0 0 downstream
460 1 2265 15.67115963 5.0 5e-05 33.77046 1.0 0.1 0.3 2 1.0 0 downstream
461 1 2270 15.67115963 5.0 5e-05 33.769961 1.0 0.1 0.3 2 1.0 0 downstream
462 1 2271 15.67115963 5.0 5e-05 33.769462 1.0 0.1 0.3 2 1.0 0 downstream
463 1 2274 15.67115963 5.0 5e-05 33.768963 1.0 0.1 0.3 2 1.0 0 downstream
464 1 2275 15.67115963 5.0 5e-05 33.768464 1.0 0.1 0.3 2 1.0 0 downstream
465 1 2296 15.67115963 5.0 5e-05 33.767965 1.0 0.1 0.3 2 1.0 0 downstream
466 1 2297 15.67115963 5.0 5e-05 33.767466 1.0 0.1 0.3 2 1.0 0 downstream
467 1 2300 15.67115963 5.0 5e-05 33.766967 1.0 0.1 0.3 2 1.0 0 downstream
468 1 2301 15.67115963 5.0 5e-05 33.766467999999996 1.0 0.1 0.3 2 1.0 0 downstream
469 1 2307 2.88918295 5.0 5e-05 33.765969 1.0 0.1 0.3 2 1.0 0 downstream
470 1 2308 16.92708333 5.0 5e-05 33.76547 1.0 0.1 0.3 2 1.0 0 downstream
471 1 2310 14.03790038 5.0 5e-05 33.764970999999996 1.0 0.1 0.3 2 1.0 0 downstream
472 1 2312 15.67115963 5.0 5e-05 33.764472 1.0 0.1 0.3 2 1.0 0 downstream
473 1 2313 14.89533123 5.0 5e-05 33.763973 1.0 0.1 0.3 2 1.0 0 downstream
474 1 2373 11.85149099 5.0 5e-05 33.763474 1.0 0.1 0.3 2 1.0 0 downstream
475 1 2377 2.87884553 5.0 5e-05 33.762975 1.0 0.1 0.3 2 1.0 0 downstream
476 1 2378 7.36516826 5.0 5e-05 33.762476 1.0 0.1 0.3 2 1.0 0 downstream
477 1 2379 12.82328402 5.0 5e-05 33.761977 1.0 0.1 0.3 2 1.0 0 downstream
478 1 2380 17.30960675 5.0 5e-05 33.761478 1.0 0.1 0.3 2 1.0 0 downstream
479 1 2386 13.32781743 5.0 5e-05 33.760979 1.0 0.1 0.3 2 1.0 0 downstream
480 1 2388 15.74659716 5.0 5e-05 33.76048 1.0 0.1 0.3 2 1.0 0 downstream
481 1 2390 20.18845228 5.0 5e-05 33.759980999999996 1.0 0.1 0.3 2 1.0 0 downstream
482 1 2391 18.58097508 5.0 5e-05 33.759482 1.0 0.1 0.3 2 1.0 0 downstream
483 1 2392 1.6074772 5.0 5e-05 33.758983 1.0 0.1 0.3 2 1.0 0 downstream
484 1 2394 6.09379993 5.0 5e-05 33.758483999999996 1.0 0.1 0.3 2 1.0 0 downstream
485 1 2399 16.33781371 5.0 5e-05 33.757985 1.0 0.1 0.3 2 1.0 0 downstream
486 1 2400 3.85063856 5.0 5e-05 33.757486 1.0 0.1 0.3 2 1.0 0 downstream
487 1 2401 8.33696129 5.0 5e-05 33.756987 1.0 0.1 0.3 2 1.0 0 downstream
488 1 2411 15.74659716 5.0 5e-05 33.756488 1.0 0.1 0.3 2 1.0 0 downstream
489 1 2413 15.74659716 5.0 5e-05 33.755989 1.0 0.1 0.3 2 1.0 0 downstream
490 1 2416 15.74659716 5.0 5e-05 33.75549 1.0 0.1 0.3 2 1.0 0 downstream
491 1 2417 9.64286732 5.0 5e-05 33.754991 1.0 0.1 0.3 2 1.0 0 downstream
492 1 2418 6.10372985 5.0 5e-05 33.754492 1.0 0.1 0.3 2 1.0 0 downstream
493 1 2424 15.74659716 5.0 5e-05 33.753993 1.0 0.1 0.3 2 1.0 0 downstream
494 1 2426 15.74659716 5.0 5e-05 33.753493999999996 1.0 0.1 0.3 2 1.0 0 downstream
495 1 2429 15.74659716 5.0 5e-05 33.752995 1.0 0.1 0.3 2 1.0 0 downstream
496 1 2431 15.74659716 5.0 5e-05 33.752496 1.0 0.1 0.3 2 1.0 0 downstream
497 1 2488 15.74659716 5.0 5e-05 33.751996999999996 1.0 0.1 0.3 2 1.0 0 downstream
498 1 2490 15.74659716 5.0 5e-05 33.751498 1.0 0.1 0.3 2 1.0 0 downstream
499 1 2495 9.64286732 5.0 5e-05 33.750999 1.0 0.1 0.3 2 1.0 0 downstream
500 1 2496 15.74659716 5.0 5e-05 33.7505 1.0 0.1 0.3 2 1.0 0 downstream
501 1 2498 6.10372985 5.0 5e-05 33.750001 1.0 0.1 0.3 2 1.0 0 downstream
502 1 2505 15.74659716 5.0 5e-05 33.749502 1.0 0.1 0.3 2 1.0 0 downstream
503 1 2507 15.74659716 5.0 5e-05 33.749003 1.0 0.1 0.3 2 1.0 0 downstream
504 1 2510 15.74659716 5.0 5e-05 33.748504 1.0 0.1 0.3 2 1.0 0 downstream
505 1 2512 15.74659716 5.0 5e-05 33.748005 1.0 0.1 0.3 2 1.0 0 downstream
506 1 2520 16.02723848 5.0 5e-05 33.747506 1.0 0.1 0.3 2 1.0 0 downstream
507 1 2522 16.17101531 5.0 5e-05 33.747006999999996 1.0 0.1 0.3 2 1.0 0 downstream
508 1 2525 10.66654919 5.0 5e-05 33.746508 1.0 0.1 0.3 2 1.0 0 downstream
509 1 2528 5.50446612 5.0 5e-05 33.746009 1.0 0.1 0.3 2 1.0 0 downstream
510 1 2530 16.17101531 5.0 5e-05 33.745509999999996 1.0 0.1 0.3 2 1.0 0 downstream
511 1 2537 16.17101531 5.0 5e-05 33.745011 1.0 0.1 0.3 2 1.0 0 downstream
512 1 2539 16.17101531 5.0 5e-05 33.744512 1.0 0.1 0.3 2 1.0 0 downstream
513 1 2542 6.62379536 5.0 5e-05 33.744012999999995 1.0 0.1 0.3 2 1.0 0 downstream
514 1 2543 9.54721995 5.0 5e-05 33.743514 1.0 0.1 0.3 2 1.0 0 downstream
515 1 2545 16.17101531 5.0 5e-05 33.743015 1.0 0.1 0.3 2 1.0 0 downstream
516 1 2626 16.17101531 5.0 5e-05 33.742516 1.0 0.1 0.3 2 1.0 0 downstream
517 1 2628 16.17101531 5.0 5e-05 33.742017 1.0 0.1 0.3 2 1.0 0 downstream
518 1 2631 2.58104153 5.0 5e-05 33.741518 1.0 0.1 0.3 2 1.0 0 downstream
519 1 2636 13.58997378 5.0 5e-05 33.741019 1.0 0.1 0.3 2 1.0 0 downstream
520 1 2638 16.17101531 5.0 5e-05 33.74052 1.0 0.1 0.3 2 1.0 0 downstream
521 1 2645 16.17101531 5.0 5e-05 33.740021 1.0 0.1 0.3 2 1.0 0 downstream
522 1 2647 14.70930301 5.0 5e-05 33.739522 1.0 0.1 0.3 2 1.0 0 downstream
523 1 2648 1.4617123 5.0 5e-05 33.739022999999996 1.0 0.1 0.3 2 1.0 0 downstream
524 1 2651 16.17101531 5.0 5e-05 33.738524 1.0 0.1 0.3 2 1.0 0 downstream
525 1 2653 16.17101531 5.0 5e-05 33.738025 1.0 0.1 0.3 2 1.0 0 downstream
526 1 2664 17.10882018 5.0 5e-05 33.737525999999995 1.0 0.1 0.3 2 1.0 0 downstream
527 1 2666 1.14062168 5.0 5e-05 33.737027 1.0 0.1 0.3 2 1.0 0 downstream
528 1 2669 18.86914156 5.0 5e-05 33.736528 1.0 0.1 0.3 2 1.0 0 downstream
529 1 2672 6.14306249 5.0 5e-05 33.736029 1.0 0.1 0.3 2 1.0 0 downstream
530 1 2673 13.86670075 5.0 5e-05 33.73553 1.0 0.1 0.3 2 1.0 0 downstream
531 1 2675 11.1455033 5.0 5e-05 33.735031 1.0 0.1 0.3 2 1.0 0 downstream
532 1 2685 8.86425994 5.0 5e-05 33.734532 1.0 0.1 0.3 2 1.0 0 downstream
533 1 2689 16.14794411 5.0 5e-05 33.734033 1.0 0.1 0.3 2 1.0 0 downstream
534 1 2690 3.86181913 5.0 5e-05 33.733534 1.0 0.1 0.3 2 1.0 0 downstream
535 1 2692 20.00976324 5.0 5e-05 33.733035 1.0 0.1 0.3 2 1.0 0 downstream
536 1 2695 1.14062168 5.0 5e-05 33.732535999999996 1.0 0.1 0.3 2 1.0 0 downstream
537 1 2698 20.48052824 5.0 5e-05 33.732037 1.0 0.1 0.3 2 1.0 0 downstream
538 1 2700 2.01536949 5.0 5e-05 33.731538 1.0 0.1 0.3 2 1.0 0 downstream
539 1 2701 20.08171742 5.0 5e-05 33.731038999999996 1.0 0.1 0.3 2 1.0 0 downstream
540 1 2740 2.01536949 5.0 5e-05 33.73054 1.0 0.1 0.3 2 1.0 0 downstream
541 1 2745 20.08171742 5.0 5e-05 33.730041 1.0 0.1 0.3 2 1.0 0 downstream
542 1 2747 2.01536949 5.0 5e-05 33.729542 1.0 0.1 0.3 2 1.0 0 downstream
543 1 2748 20.08171742 5.0 5e-05 33.729043 1.0 0.1 0.3 2 1.0 0 downstream
544 1 2751 2.01536949 5.0 5e-05 33.728544 1.0 0.1 0.3 2 1.0 0 downstream
545 1 2754 19.07042665 5.0 5e-05 33.728045 1.0 0.1 0.3 2 1.0 0 downstream
546 1 2756 4.94113056 5.0 5e-05 33.727546 1.0 0.1 0.3 2 1.0 0 downstream
547 1 2757 14.59011944 5.0 5e-05 33.727047 1.0 0.1 0.3 2 1.0 0 downstream
548 1 2761 11.45154723 5.0 5e-05 33.726548 1.0 0.1 0.3 2 1.0 0 downstream
549 1 2776 8.07970277 5.0 5e-05 33.726048999999996 1.0 0.1 0.3 2 1.0 0 downstream
550 1 2778 17.9619639 5.0 5e-05 33.72555 1.0 0.1 0.3 2 1.0 0 downstream
551 1 2779 1.5692861 5.0 5e-05 33.725051 1.0 0.1 0.3 2 1.0 0 downstream
552 1 2782 19.53125 5.0 5e-05 33.724551999999996 1.0 0.1 0.3 2 1.0 0 downstream
553 1 2784 4.94113056 5.0 5e-05 33.724053 1.0 0.1 0.3 2 1.0 0 downstream
554 1 2787 14.59011944 5.0 5e-05 33.723554 1.0 0.1 0.3 2 1.0 0 downstream
555 1 2798 11.45154723 5.0 5e-05 33.723055 1.0 0.1 0.3 2 1.0 0 downstream
556 1 2799 8.07970277 5.0 5e-05 33.722556 1.0 0.1 0.3 2 1.0 0 downstream
557 1 2801 17.9619639 5.0 5e-05 33.722057 1.0 0.1 0.3 2 1.0 0 downstream
558 1 2806 1.5692861 5.0 5e-05 33.721558 1.0 0.1 0.3 2 1.0 0 downstream
559 1 2809 19.53125 5.0 5e-05 33.721059 1.0 0.1 0.3 2 1.0 0 downstream
560 1 2811 4.94113056 5.0 5e-05 33.72056 1.0 0.1 0.3 2 1.0 0 downstream
561 1 2812 14.59011944 5.0 5e-05 33.720061 1.0 0.1 0.3 2 1.0 0 downstream
562 1 2819 11.45154723 5.0 5e-05 33.719561999999996 1.0 0.1 0.3 2 1.0 0 downstream
563 1 2822 8.07970277 5.0 5e-05 33.719063 1.0 0.1 0.3 2 1.0 0 downstream
564 1 2824 17.9619639 5.0 5e-05 33.718564 1.0 0.1 0.3 2 1.0 0 downstream
565 1 2825 1.5692861 5.0 5e-05 33.718064999999996 1.0 0.1 0.3 2 1.0 0 downstream
566 1 2828 19.53125 5.0 5e-05 33.717566 1.0 0.1 0.3 2 1.0 0 downstream
567 1 2830 4.94113056 5.0 5e-05 33.717067 1.0 0.1 0.3 2 1.0 0 downstream
568 1 2837 14.59011944 5.0 5e-05 33.716567999999995 1.0 0.1 0.3 2 1.0 0 downstream
569 1 2873 11.45154723 5.0 5e-05 33.716069 1.0 0.1 0.3 2 1.0 0 downstream
570 1 2874 8.07970277 5.0 5e-05 33.71557 1.0 0.1 0.3 2 1.0 0 downstream
571 1 2876 17.9619639 5.0 5e-05 33.715071 1.0 0.1 0.3 2 1.0 0 downstream
572 1 2879 1.5692861 5.0 5e-05 33.714572 1.0 0.1 0.3 2 1.0 0 downstream
573 1 2882 19.53125 5.0 5e-05 33.714073 1.0 0.1 0.3 2 1.0 0 downstream
574 1 2884 4.94113056 5.0 5e-05 33.713574 1.0 0.1 0.3 2 1.0 0 downstream
575 1 2885 14.59011944 5.0 5e-05 33.713074999999996 1.0 0.1 0.3 2 1.0 0 downstream
576 1 2892 17.06806417 5.0 5e-05 33.712576 1.0 0.1 0.3 2 1.0 0 downstream
577 1 2894 0.53439851 5.0 5e-05 33.712077 1.0 0.1 0.3 2 1.0 0 downstream
578 1 2899 16.20645278 5.0 5e-05 33.711577999999996 1.0 0.1 0.3 2 1.0 0 downstream
579 1 2902 16.74085129 5.0 5e-05 33.711079 1.0 0.1 0.3 2 1.0 0 downstream
580 1 2904 10.57890929 5.0 5e-05 33.71058 1.0 0.1 0.3 2 1.0 0 downstream
581 1 2905 6.16194201 5.0 5e-05 33.710080999999995 1.0 0.1 0.3 2 1.0 0 downstream
582 1 2916 16.74085129 5.0 5e-05 33.709582 1.0 0.1 0.3 2 1.0 0 downstream
583 1 2918 16.74085129 5.0 5e-05 33.709083 1.0 0.1 0.3 2 1.0 0 downstream
584 1 2921 3.88256877 5.0 5e-05 33.708584 1.0 0.1 0.3 2 1.0 0 downstream
585 1 2924 12.85828253 5.0 5e-05 33.708085 1.0 0.1 0.3 2 1.0 0 downstream
586 1 2926 16.74085129 5.0 5e-05 33.707586 1.0 0.1 0.3 2 1.0 0 downstream
587 1 2930 13.92707955 5.0 5e-05 33.707087 1.0 0.1 0.3 2 1.0 0 downstream
588 1 2931 2.81377175 5.0 5e-05 33.706587999999996 1.0 0.1 0.3 2 1.0 0 downstream
589 1 2933 16.74085129 5.0 5e-05 33.706089 1.0 0.1 0.3 2 1.0 0 downstream
590 1 2936 16.74085129 5.0 5e-05 33.70559 1.0 0.1 0.3 2 1.0 0 downstream
591 1 2938 7.23073903 5.0 5e-05 33.705090999999996 1.0 0.1 0.3 2 1.0 0 downstream
592 1 2953 9.51011227 5.0 5e-05 33.704592 1.0 0.1 0.3 2 1.0 0 downstream
593 1 2992 16.74085129 5.0 5e-05 33.704093 1.0 0.1 0.3 2 1.0 0 downstream
594 1 2994 16.74085129 5.0 5e-05 33.703593999999995 1.0 0.1 0.3 2 1.0 0 downstream
595 1 2997 0.53439851 5.0 5e-05 33.703095 1.0 0.1 0.3 2 1.0 0 downstream
596 1 2998 16.68337261 5.0 5e-05 33.702596 1.0 0.1 0.3 2 1.0 0 downstream
597 1 3000 17.46928107 5.0 5e-05 33.702097 1.0 0.1 0.3 2 1.0 0 downstream
598 1 3004 1.82090226 5.0 5e-05 33.701598 1.0 0.1 0.3 2 1.0 0 downstream
599 1 3007 15.64837881 5.0 5e-05 33.701099 1.0 0.1 0.3 2 1.0 0 downstream
600 1 3009 17.46928107 5.0 5e-05 33.7006 1.0 0.1 0.3 2 1.0 0 downstream
601 1 3012 1.82090226 5.0 5e-05 33.700101 1.0 0.1 0.3 2 1.0 0 downstream
602 1 3013 15.64837881 5.0 5e-05 33.699602 1.0 0.1 0.3 2 1.0 0 downstream
603 1 3015 17.46928107 5.0 5e-05 33.699103 1.0 0.1 0.3 2 1.0 0 downstream
604 1 3026 1.82090226 5.0 5e-05 33.698603999999996 1.0 0.1 0.3 2 1.0 0 downstream
605 1 3031 15.64837881 5.0 5e-05 33.698105 1.0 0.1 0.3 2 1.0 0 downstream
606 1 3033 17.46928107 5.0 5e-05 33.697606 1.0 0.1 0.3 2 1.0 0 downstream
607 1 3036 1.82090226 5.0 5e-05 33.697106999999995 1.0 0.1 0.3 2 1.0 0 downstream
608 1 3037 15.64837881 5.0 5e-05 33.696608 1.0 0.1 0.3 2 1.0 0 downstream
609 1 3039 17.46928107 5.0 5e-05 33.696109 1.0 0.1 0.3 2 1.0 0 downstream
610 1 3046 1.82090226 5.0 5e-05 33.69561 1.0 0.1 0.3 2 1.0 0 downstream
611 1 3049 15.64837881 5.0 5e-05 33.695111 1.0 0.1 0.3 2 1.0 0 downstream
612 1 3051 17.46928107 5.0 5e-05 33.694612 1.0 0.1 0.3 2 1.0 0 downstream
613 1 3054 1.82090226 5.0 5e-05 33.694113 1.0 0.1 0.3 2 1.0 0 downstream
614 1 3055 15.64837881 5.0 5e-05 33.693614 1.0 0.1 0.3 2 1.0 0 downstream
615 1 3057 17.46928107 5.0 5e-05 33.693115 1.0 0.1 0.3 2 1.0 0 downstream
616 1 3096 1.82090226 5.0 5e-05 33.692616 1.0 0.1 0.3 2 1.0 0 downstream
617 1 3106 15.64837881 5.0 5e-05 33.692116999999996 1.0 0.1 0.3 2 1.0 0 downstream
618 1 3108 16.98316054 5.0 5e-05 33.691618 1.0 0.1 0.3 2 1.0 0 downstream
619 1 3111 10.40139296 5.0 5e-05 33.691119 1.0 0.1 0.3 2 1.0 0 downstream
620 1 3112 5.60476062 5.0 5e-05 33.690619999999996 1.0 0.1 0.3 2 1.0 0 downstream
621 1 3114 16.00615357 5.0 5e-05 33.690121 1.0 0.1 0.3 2 1.0 0 downstream
622 1 3118 16.00615357 5.0 5e-05 33.689622 1.0 0.1 0.3 2 1.0 0 downstream
623 1 3120 16.00615357 5.0 5e-05 33.689122999999995 1.0 0.1 0.3 2 1.0 0 downstream
624 1 3123 16.00615357 5.0 5e-05 33.688624 1.0 0.1 0.3 2 1.0 0 downstream
625 1 3125 2.39831617 5.0 5e-05 33.688125 1.0 0.1 0.3 2 1.0 0 downstream
626 1 3128 13.6078374 5.0 5e-05 33.687626 1.0 0.1 0.3 2 1.0 0 downstream
627 1 3139 16.00615357 5.0 5e-05 33.687127 1.0 0.1 0.3 2 1.0 0 downstream
628 1 3141 16.00615357 5.0 5e-05 33.686628 1.0 0.1 0.3 2 1.0 0 downstream
629 1 3144 16.00615357 5.0 5e-05 33.686129 1.0 0.1 0.3 2 1.0 0 downstream
630 1 3146 8.84695463 5.0 5e-05 33.685629999999996 1.0 0.1 0.3 2 1.0 0 downstream
631 1 3147 12.67625971 5.0 5e-05 33.685131 1.0 0.1 0.3 2 1.0 0 downstream
632 1 3154 6.32781277 5.0 5e-05 33.684632 1.0 0.1 0.3 2 1.0 0 downstream
633 1 3159 19.00407248 5.0 5e-05 33.684132999999996 1.0 0.1 0.3 2 1.0 0 downstream
634 1 3160 2.11844167 5.0 5e-05 33.683634 1.0 0.1 0.3 2 1.0 0 downstream
635 1 3162 16.88563081 5.0 5e-05 33.683135 1.0 0.1 0.3 2 1.0 0 downstream
636 1 3165 10.5646961 5.0 5e-05 33.682635999999995 1.0 0.1 0.3 2 1.0 0 downstream
637 1 3168 8.43937638 5.0 5e-05 33.682137 1.0 0.1 0.3 2 1.0 0 downstream
638 1 3169 19.00407248 5.0 5e-05 33.681638 1.0 0.1 0.3 2 1.0 0 downstream
639 1 3181 0.00687806 5.0 5e-05 33.681139 1.0 0.1 0.3 2 1.0 0 downstream
640 1 3183 18.99719442 5.0 5e-05 33.68064 1.0 0.1 0.3 2 1.0 0 downstream
641 1 3184 8.45313249 5.0 5e-05 33.680141 1.0 0.1 0.3 2 1.0 0 downstream
642 1 3271 10.55093999 5.0 5e-05 33.679642 1.0 0.1 0.3 2 1.0 0 downstream
643 1 3274 16.89938693 5.0 5e-05 33.679142999999996 1.0 0.1 0.3 2 1.0 0 downstream
644 1 3276 2.10468555 5.0 5e-05 33.678644 1.0 0.1 0.3 2 1.0 0 downstream
645 1 3277 19.00407248 5.0 5e-05 33.678145 1.0 0.1 0.3 2 1.0 0 downstream
646 1 3282 6.34156888 5.0 5e-05 33.677645999999996 1.0 0.1 0.3 2 1.0 0 downstream
647 1 3285 12.66250359 5.0 5e-05 33.677147 1.0 0.1 0.3 2 1.0 0 downstream
648 1 3286 14.78782332 5.0 5e-05 33.676648 1.0 0.1 0.3 2 1.0 0 downstream
649 1 3288 4.21624916 5.0 5e-05 33.676148999999995 1.0 0.1 0.3 2 1.0 0 downstream
650 1 3291 19.00407248 5.0 5e-05 33.67565 1.0 0.1 0.3 2 1.0 0 downstream
651 1 3292 4.23000527 5.0 5e-05 33.675151 1.0 0.1 0.3 2 1.0 0 downstream
652 1 3296 14.7740672 5.0 5e-05 33.674652 1.0 0.1 0.3 2 1.0 0 downstream
653 1 3306 12.67625971 5.0 5e-05 33.674153 1.0 0.1 0.3 2 1.0 0 downstream
654 1 3308 6.32781277 5.0 5e-05 33.673654 1.0 0.1 0.3 2 1.0 0 downstream
655 1 3309 18.77029709 5.0 5e-05 33.673155 1.0 0.1 0.3 2 1.0 0 downstream
656 1 3312 1.6424107 5.0 5e-05 33.672655999999996 1.0 0.1 0.3 2 1.0 0 downstream
657 1 3315 20.76200354 5.0 5e-05 33.672157 1.0 0.1 0.3 2 1.0 0 downstream
658 1 3316 1.3235898 5.0 5e-05 33.671658 1.0 0.1 0.3 2 1.0 0 downstream
659 1 3318 19.43841374 5.0 5e-05 33.671158999999996 1.0 0.1 0.3 2 1.0 0 downstream
660 1 3323 4.28959031 5.0 5e-05 33.67066 1.0 0.1 0.3 2 1.0 0 downstream
661 1 3334 16.47241323 5.0 5e-05 33.670161 1.0 0.1 0.3 2 1.0 0 downstream
662 1 3335 7.25559081 5.0 5e-05 33.669661999999995 1.0 0.1 0.3 2 1.0 0 downstream
663 1 3337 13.50641273 5.0 5e-05 33.669163 1.0 0.1 0.3 2 1.0 0 downstream
664 1 3340 10.22159132 5.0 5e-05 33.668664 1.0 0.1 0.3 2 1.0 0 downstream
665 1 3343 10.54041222 5.0 5e-05 33.668165 1.0 0.1 0.3 2 1.0 0 downstream
666 1 3344 13.18759183 5.0 5e-05 33.667666 1.0 0.1 0.3 2 1.0 0 downstream
667 1 3346 7.57441172 5.0 5e-05 33.667167 1.0 0.1 0.3 2 1.0 0 downstream
668 1 3361 16.15359233 5.0 5e-05 33.666668 1.0 0.1 0.3 2 1.0 0 downstream
669 1 3365 4.60841121 5.0 5e-05 33.666169 1.0 0.1 0.3 2 1.0 0 downstream
670 1 3366 19.11959284 5.0 5e-05 33.66567 1.0 0.1 0.3 2 1.0 0 downstream
671 1 3368 15.86254735 5.0 5e-05 33.665171 1.0 0.1 0.3 2 1.0 0 downstream
672 1 3371 15.625 5.0 5e-05 33.664671999999996 1.0 0.1 0.3 2 1.0 0 downstream
673 1 3373 15.625 5.0 5e-05 33.664173 1.0 0.1 0.3 2 1.0 0 downstream
674 1 3418 15.625 5.0 5e-05 33.663674 1.0 0.1 0.3 2 1.0 0 downstream
675 1 3420 15.625 5.0 5e-05 33.663174999999995 1.0 0.1 0.3 2 1.0 0 downstream
676 1 3423 15.625 5.0 5e-05 33.662676 1.0 0.1 0.3 2 1.0 0 downstream
677 1 3425 15.625 5.0 5e-05 33.662177 1.0 0.1 0.3 2 1.0 0 downstream
678 1 3429 15.625 5.0 5e-05 33.661677999999995 1.0 0.1 0.3 2 1.0 0 downstream
679 1 3431 15.625 5.0 5e-05 33.661179 1.0 0.1 0.3 2 1.0 0 downstream
680 1 3434 15.625 5.0 5e-05 33.66068 1.0 0.1 0.3 2 1.0 0 downstream
681 1 3436 15.625 5.0 5e-05 33.660181 1.0 0.1 0.3 2 1.0 0 downstream
682 1 3441 15.625 5.0 5e-05 33.659682 1.0 0.1 0.3 2 1.0 0 downstream
683 1 3443 15.625 5.0 5e-05 33.659183 1.0 0.1 0.3 2 1.0 0 downstream
684 1 3446 8.99711889 5.0 5e-05 33.658684 1.0 0.1 0.3 2 1.0 0 downstream
685 1 3449 6.70837548 5.0 5e-05 33.658184999999996 1.0 0.1 0.3 2 1.0 0 downstream
686 1 3451 15.72115475 5.0 5e-05 33.657686 1.0 0.1 0.3 2 1.0 0 downstream
687 1 3458 15.72115475 5.0 5e-05 33.657187 1.0 0.1 0.3 2 1.0 0 downstream
688 1 3460 15.72115475 5.0 5e-05 33.656687999999995 1.0 0.1 0.3 2 1.0 0 downstream
689 1 3463 15.72115475 5.0 5e-05 33.656189 1.0 0.1 0.3 2 1.0 0 downstream
690 1 3465 15.72115475 5.0 5e-05 33.65569 1.0 0.1 0.3 2 1.0 0 downstream
691 1 3513 15.72115475 5.0 5e-05 33.655190999999995 1.0 0.1 0.3 2 1.0 0 downstream
692 1 3515 15.72115475 5.0 5e-05 33.654692 1.0 0.1 0.3 2 1.0 0 downstream
693 1 3518 15.72115475 5.0 5e-05 33.654193 1.0 0.1 0.3 2 1.0 0 downstream
694 1 3520 9.01277927 5.0 5e-05 33.653694 1.0 0.1 0.3 2 1.0 0 downstream
695 1 3521 6.70837548 5.0 5e-05 33.653195 1.0 0.1 0.3 2 1.0 0 downstream
696 1 3528 15.72115475 5.0 5e-05 33.652696 1.0 0.1 0.3 2 1.0 0 downstream
697 1 3530 15.72115475 5.0 5e-05 33.652197 1.0 0.1 0.3 2 1.0 0 downstream
698 1 3533 15.72115475 5.0 5e-05 33.651697999999996 1.0 0.1 0.3 2 1.0 0 downstream
699 1 3535 15.72115475 5.0 5e-05 33.651199 1.0 0.1 0.3 2 1.0 0 downstream
700 1 3546 15.72115475 5.0 5e-05 33.6507 1.0 0.1 0.3 2 1.0 0 downstream
701 1 3548 15.72115475 5.0 5e-05 33.650200999999996 1.0 0.1 0.3 2 1.0 0 downstream
702 1 3551 15.72115475 5.0 5e-05 33.649702 1.0 0.1 0.3 2 1.0 0 downstream
703 1 3553 15.72115475 5.0 5e-05 33.649203 1.0 0.1 0.3 2 1.0 0 downstream
704 1 3560 9.01277927 5.0 5e-05 33.648703999999995 1.0 0.1 0.3 2 1.0 0 downstream
705 1 3565 15.70847478 5.0 5e-05 33.648205 1.0 0.1 0.3 2 1.0 0 downstream
706 1 3566 1.40898847 5.0 5e-05 33.647706 1.0 0.1 0.3 2 1.0 0 downstream
707 1 3567 16.46536941 5.0 5e-05 33.647207 1.0 0.1 0.3 2 1.0 0 downstream
708 1 3568 6.70837548 5.0 5e-05 33.646708 1.0 0.1 0.3 2 1.0 0 downstream
709 1 3570 16.01572977 5.0 5e-05 33.646209 1.0 0.1 0.3 2 1.0 0 downstream
710 1 3573 2.16588311 5.0 5e-05 33.64571 1.0 0.1 0.3 2 1.0 0 downstream
711 1 3679 16.00639377 5.0 5e-05 33.645210999999996 1.0 0.1 0.3 2 1.0 0 downstream
712 1 3684 0.36202484 5.0 5e-05 33.644712 1.0 0.1 0.3 2 1.0 0 downstream
713 1 3686 7.59207376 5.0 5e-05 33.644213 1.0 0.1 0.3 2 1.0 0 downstream
714 1 3687 16.82864002 5.0 5e-05 33.643713999999996 1.0 0.1 0.3 2 1.0 0 downstream
715 1 3688 9.23656627 5.0 5e-05 33.643215 1.0 0.1 0.3 2 1.0 0 downstream
716 1 3689 16.82864002 5.0 5e-05 33.642716 1.0 0.1 0.3 2 1.0 0 downstream
717 1 3690 16.64255749 5.0 5e-05 33.642216999999995 1.0 0.1 0.3 2 1.0 0 downstream
718 1 3710 12.1336032 5.0 5e-05 33.641718 1.0 0.1 0.3 2 1.0 0 downstream
719 1 3714 0.76742984 5.0 5e-05 33.641219 1.0 0.1 0.3 2 1.0 0 downstream
720 1 3716 17.87435788 5.0 5e-05 33.64072 1.0 0.1 0.3 2 1.0 0 downstream
721 1 3717 21.87706224 5.0 5e-05 33.640221 1.0 0.1 0.3 2 1.0 0 downstream
722 1 3718 2.16588311 5.0 5e-05 33.639722 1.0 0.1 0.3 2 1.0 0 downstream
723 1 3727 8.91138057 5.0 5e-05 33.639223 1.0 0.1 0.3 2 1.0 0 downstream
724 1 3728 17.09871146 5.0 5e-05 33.638723999999996 1.0 0.1 0.3 2 1.0 0 downstream
725 1 3729 4.6367027 5.0 5e-05 33.638225 1.0 0.1 0.3 2 1.0 0 downstream
726 1 3730 17.09871146 5.0 5e-05 33.637726 1.0 0.1 0.3 2 1.0 0 downstream
727 1 3731 12.46200876 5.0 5e-05 33.637226999999996 1.0 0.1 0.3 2 1.0 0 downstream
728 1 3735 17.09871146 5.0 5e-05 33.636728 1.0 0.1 0.3 2 1.0 0 downstream
729 1 3736 17.09871146 5.0 5e-05 33.636229 1.0 0.1 0.3 2 1.0 0 downstream
730 1 3737 13.18605843 5.0 5e-05 33.635729999999995 1.0 0.1 0.3 2 1.0 0 downstream
731 1 3738 17.09871146 5.0 5e-05 33.635231 1.0 0.1 0.3 2 1.0 0 downstream
732 1 3739 3.91265303 5.0 5e-05 33.634732 1.0 0.1 0.3 2 1.0 0 downstream
733 1 3743 8.1873309 5.0 5e-05 33.634233 1.0 0.1 0.3 2 1.0 0 downstream
734 1 3752 0.36202484 5.0 5e-05 33.633734 1.0 0.1 0.3 2 1.0 0 downstream
735 1 3753 16.88230243 5.0 5e-05 33.633235 1.0 0.1 0.3 2 1.0 0 downstream
736 1 3755 9.18174985 5.0 5e-05 33.632736 1.0 0.1 0.3 2 1.0 0 downstream
737 1 3756 16.82864002 5.0 5e-05 33.632236999999996 1.0 0.1 0.3 2 1.0 0 downstream
738 1 3757 7.64689017 5.0 5e-05 33.631738 1.0 0.1 0.3 2 1.0 0 downstream
739 1 3758 16.73668663 5.0 5e-05 33.631239 1.0 0.1 0.3 2 1.0 0 downstream
740 1 3763 16.82864002 5.0 5e-05 33.630739999999996 1.0 0.1 0.3 2 1.0 0 downstream
741 1 3764 16.06121018 5.0 5e-05 33.630241 1.0 0.1 0.3 2 1.0 0 downstream
742 1 3778 4.98386005 5.0 5e-05 33.629742 1.0 0.1 0.3 2 1.0 0 downstream
743 1 3779 17.87435788 5.0 5e-05 33.629242999999995 1.0 0.1 0.3 2 1.0 0 downstream
744 1 3781 12.89049784 5.0 5e-05 33.628744 1.0 0.1 0.3 2 1.0 0 downstream
745 1 3784 17.87435788 5.0 5e-05 33.628245 1.0 0.1 0.3 2 1.0 0 downstream
746 1 3785 8.55873163 5.0 5e-05 33.627745999999995 1.0 0.1 0.3 2 1.0 0 downstream
747 1 3786 9.31562626 5.0 5e-05 33.627247 1.0 0.1 0.3 2 1.0 0 downstream
748 1 3792 17.87435788 5.0 5e-05 33.626748 1.0 0.1 0.3 2 1.0 0 downstream
749 1 3794 5.74075468 5.0 5e-05 33.626249 1.0 0.1 0.3 2 1.0 0 downstream
750 1 3853 1.5835046 5.0 5e-05 33.62575 1.0 0.1 0.3 2 1.0 0 downstream
751 1 3857 1.5835046 5.0 5e-05 33.625251 1.0 0.1 0.3 2 1.0 0 downstream
752 1 3858 1.5835046 5.0 5e-05 33.624752 1.0 0.1 0.3 2 1.0 0 downstream
753 1 3859 20.51358231 5.0 5e-05 33.624252999999996 1.0 0.1 0.3 2 1.0 0 downstream
754 1 3860 20.51358231 5.0 5e-05 33.623754 1.0 0.1 0.3 2 1.0 0 downstream
755 1 3866 1.5835046 5.0 5e-05 33.623255 1.0 0.1 0.3 2 1.0 0 downstream
756 1 3869 20.6951783 5.0 5e-05 33.622755999999995 1.0 0.1 0.3 2 1.0 0 downstream
757 1 3870 14.68102449 5.0 5e-05 33.622257 1.0 0.1 0.3 2 1.0 0 downstream
758 1 3871 2.78825659 5.0 5e-05 33.621758 1.0 0.1 0.3 2 1.0 0 downstream
759 1 3872 1.5835046 5.0 5e-05 33.621258999999995 1.0 0.1 0.3 2 1.0 0 downstream
760 1 3873 20.51358231 5.0 5e-05 33.62076 1.0 0.1 0.3 2 1.0 0 downstream
761 1 3874 20.51358231 5.0 5e-05 33.620261 1.0 0.1 0.3 2 1.0 0 downstream
762 1 3886 10.96459024 5.0 5e-05 33.619762 1.0 0.1 0.3 2 1.0 0 downstream
763 1 3887 16.10588135 5.0 5e-05 33.619263 1.0 0.1 0.3 2 1.0 0 downstream
764 1 3892 16.10588135 5.0 5e-05 33.618764 1.0 0.1 0.3 2 1.0 0 downstream
765 1 3893 16.10588135 5.0 5e-05 33.618265 1.0 0.1 0.3 2 1.0 0 downstream
766 1 3894 10.96459024 5.0 5e-05 33.617765999999996 1.0 0.1 0.3 2 1.0 0 downstream
767 1 3895 16.10588135 5.0 5e-05 33.617267 1.0 0.1 0.3 2 1.0 0 downstream
768 1 3896 5.14129112 5.0 5e-05 33.616768 1.0 0.1 0.3 2 1.0 0 downstream
769 1 3909 11.1271672 5.0 5e-05 33.616268999999996 1.0 0.1 0.3 2 1.0 0 downstream
770 1 3910 16.47019615 5.0 5e-05 33.61577 1.0 0.1 0.3 2 1.0 0 downstream
771 1 3911 16.10588135 5.0 5e-05 33.615271 1.0 0.1 0.3 2 1.0 0 downstream
772 1 3912 16.10588135 5.0 5e-05 33.614771999999995 1.0 0.1 0.3 2 1.0 0 downstream
773 1 3915 5.14129112 5.0 5e-05 33.614273 1.0 0.1 0.3 2 1.0 0 downstream
774 1 3920 10.24692985 5.0 5e-05 33.613774 1.0 0.1 0.3 2 1.0 0 downstream
775 1 3921 16.47019615 5.0 5e-05 33.613275 1.0 0.1 0.3 2 1.0 0 downstream
776 1 3922 6.2232663 5.0 5e-05 33.612776 1.0 0.1 0.3 2 1.0 0 downstream
777 1 3923 16.47019615 5.0 5e-05 33.612277 1.0 0.1 0.3 2 1.0 0 downstream
778 1 3924 16.47019615 5.0 5e-05 33.611778 1.0 0.1 0.3 2 1.0 0 downstream
779 1 3929 1.5835046 5.0 5e-05 33.611278999999996 1.0 0.1 0.3 2 1.0 0 downstream
780 1 3930 20.8871366 5.0 5e-05 33.61078 1.0 0.1 0.3 2 1.0 0 downstream
781 1 3931 20.51358231 5.0 5e-05 33.610281 1.0 0.1 0.3 2 1.0 0 downstream
782 1 3933 5.14129112 5.0 5e-05 33.609781999999996 1.0 0.1 0.3 2 1.0 0 downstream
783 1 3956 10.24692985 5.0 5e-05 33.609283 1.0 0.1 0.3 2 1.0 0 downstream
784 1 3957 16.47019615 5.0 5e-05 33.608784 1.0 0.1 0.3 2 1.0 0 downstream
785 1 3959 10.24692985 5.0 5e-05 33.608284999999995 1.0 0.1 0.3 2 1.0 0 downstream
786 1 3960 16.47019615 5.0 5e-05 33.607786 1.0 0.1 0.3 2 1.0 0 downstream
787 1 3961 6.2232663 5.0 5e-05 33.607287 1.0 0.1 0.3 2 1.0 0 downstream
788 1 3965 16.00639377 5.0 5e-05 33.606788 1.0 0.1 0.3 2 1.0 0 downstream
789 1 3966 16.82864002 5.0 5e-05 33.606289 1.0 0.1 0.3 2 1.0 0 downstream
790 1 3967 16.68386139 5.0 5e-05 33.60579 1.0 0.1 0.3 2 1.0 0 downstream
791 1 3968 16.82864002 5.0 5e-05 33.605291 1.0 0.1 0.3 2 1.0 0 downstream
792 1 3971 0.82224626 5.0 5e-05 33.604791999999996 1.0 0.1 0.3 2 1.0 0 downstream
793 1 3975 6.2232663 5.0 5e-05 33.604293 1.0 0.1 0.3 2 1.0 0 downstream
794 1 3986 7.59207376 5.0 5e-05 33.603794 1.0 0.1 0.3 2 1.0 0 downstream
795 1 3987 16.82864002 5.0 5e-05 33.603294999999996 1.0 0.1 0.3 2 1.0 0 downstream
796 1 3988 9.23656627 5.0 5e-05 33.602796 1.0 0.1 0.3 2 1.0 0 downstream
797 1 3990 16.82864002 5.0 5e-05 33.602297 1.0 0.1 0.3 2 1.0 0 downstream
798 1 3991 0.82224626 5.0 5e-05 33.601797999999995 1.0 0.1 0.3 2 1.0 0 downstream
799 1 4052 14.68102449 5.0 5e-05 33.601299 1.0 0.1 0.3 2 1.0 0 downstream
800 1 4055 17.46928107 5.0 5e-05 33.6008 1.0 0.1 0.3 2 1.0 0 downstream
801 1 4056 14.68102449 5.0 5e-05 33.600300999999995 1.0 0.1 0.3 2 1.0 0 downstream
802 1 4057 2.78825659 5.0 5e-05 33.599802 1.0 0.1 0.3 2 1.0 0 downstream
803 1 4061 14.68102449 5.0 5e-05 33.599303 1.0 0.1 0.3 2 1.0 0 downstream
804 1 4062 17.46928107 5.0 5e-05 33.598804 1.0 0.1 0.3 2 1.0 0 downstream
805 1 4064 2.78825659 5.0 5e-05 33.598304999999996 1.0 0.1 0.3 2 1.0 0 downstream
806 1 4067 17.46928107 5.0 5e-05 33.597806 1.0 0.1 0.3 2 1.0 0 downstream
807 1 4068 14.68102449 5.0 5e-05 33.597307 1.0 0.1 0.3 2 1.0 0 downstream
808 1 4069 2.78825659 5.0 5e-05 33.596807999999996 1.0 0.1 0.3 2 1.0 0 downstream
809 1 4075 17.46928107 5.0 5e-05 33.596309 1.0 0.1 0.3 2 1.0 0 downstream
810 1 4077 2.78825659 5.0 5e-05 33.59581 1.0 0.1 0.3 2 1.0 0 downstream
811 1 4090 14.02020716 5.0 5e-05 33.595310999999995 1.0 0.1 0.3 2 1.0 0 downstream
812 1 4091 17.46928107 5.0 5e-05 33.594812 1.0 0.1 0.3 2 1.0 0 downstream
813 1 4093 2.78825659 5.0 5e-05 33.594313 1.0 0.1 0.3 2 1.0 0 downstream
814 1 4096 15.625 5.0 5e-05 33.593813999999995 1.0 0.1 0.3 2 1.0 0 downstream
815 1 4098 15.625 5.0 5e-05 33.593315 1.0 0.1 0.3 2 1.0 0 downstream
816 1 4105 15.625 5.0 5e-05 33.592816 1.0 0.1 0.3 2 1.0 0 downstream
817 1 4107 15.625 5.0 5e-05 33.592317 1.0 0.1 0.3 2 1.0 0 downstream
818 1 4110 15.625 5.0 5e-05 33.591817999999996 1.0 0.1 0.3 2 1.0 0 downstream
819 1 4112 15.625 5.0 5e-05 33.591319 1.0 0.1 0.3 2 1.0 0 downstream
820 1 4160 15.625 5.0 5e-05 33.59082 1.0 0.1 0.3 2 1.0 0 downstream
821 1 4162 13.15497915 5.0 5e-05 33.590320999999996 1.0 0.1 0.3 2 1.0 0 downstream
822 1 4165 3.75561091 5.0 5e-05 33.589822 1.0 0.1 0.3 2 1.0 0 downstream
823 1 4168 17.46928107 5.0 5e-05 33.589323 1.0 0.1 0.3 2 1.0 0 downstream
824 1 4170 13.71367016 5.0 5e-05 33.588823999999995 1.0 0.1 0.3 2 1.0 0 downstream
825 1 4171 3.75561091 5.0 5e-05 33.588325 1.0 0.1 0.3 2 1.0 0 downstream
826 1 4175 17.46928107 5.0 5e-05 33.587826 1.0 0.1 0.3 2 1.0 0 downstream
827 1 4177 13.71367016 5.0 5e-05 33.587326999999995 1.0 0.1 0.3 2 1.0 0 downstream
828 1 4187 3.75561091 5.0 5e-05 33.586828 1.0 0.1 0.3 2 1.0 0 downstream
829 1 4190 17.46928107 5.0 5e-05 33.586329 1.0 0.1 0.3 2 1.0 0 downstream
830 1 4192 13.71367016 5.0 5e-05 33.58583 1.0 0.1 0.3 2 1.0 0 downstream
831 1 4193 3.75561091 5.0 5e-05 33.585331 1.0 0.1 0.3 2 1.0 0 downstream
832 1 4204 17.46928107 5.0 5e-05 33.584832 1.0 0.1 0.3 2 1.0 0 downstream
833 1 4206 13.71367016 5.0 5e-05 33.584333 1.0 0.1 0.3 2 1.0 0 downstream
834 1 4209 3.75561091 5.0 5e-05 33.583833999999996 1.0 0.1 0.3 2 1.0 0 downstream
835 1 4212 17.46928107 5.0 5e-05 33.583335 1.0 0.1 0.3 2 1.0 0 downstream
836 1 4214 13.71367016 5.0 5e-05 33.582836 1.0 0.1 0.3 2 1.0 0 downstream
837 1 4215 3.75561091 5.0 5e-05 33.582336999999995 1.0 0.1 0.3 2 1.0 0 downstream
838 1 4222 17.71680726 5.0 5e-05 33.581838 1.0 0.1 0.3 2 1.0 0 downstream
839 1 4224 11.69157208 5.0 5e-05 33.581339 1.0 0.1 0.3 2 1.0 0 downstream
840 1 4229 6.10667236 5.0 5e-05 33.580839999999995 1.0 0.1 0.3 2 1.0 0 downstream
841 1 4232 17.79824444 5.0 5e-05 33.580341 1.0 0.1 0.3 2 1.0 0 downstream
842 1 4234 8.72519801 5.0 5e-05 33.579842 1.0 0.1 0.3 2 1.0 0 downstream
843 1 4235 9.07304643 5.0 5e-05 33.579343 1.0 0.1 0.3 2 1.0 0 downstream
844 1 4274 17.79824444 5.0 5e-05 33.578844 1.0 0.1 0.3 2 1.0 0 downstream
845 1 4276 5.75882393 5.0 5e-05 33.578345 1.0 0.1 0.3 2 1.0 0 downstream
846 1 4279 12.03942051 5.0 5e-05 33.577846 1.0 0.1 0.3 2 1.0 0 downstream
847 1 4282 17.79824444 5.0 5e-05 33.577346999999996 1.0 0.1 0.3 2 1.0 0 downstream
848 1 4284 2.79244986 5.0 5e-05 33.576848 1.0 0.1 0.3 2 1.0 0 downstream
849 1 4285 15.00579458 5.0 5e-05 33.576349 1.0 0.1 0.3 2 1.0 0 downstream
850 1 4289 17.62432023 5.0 5e-05 33.575849999999996 1.0 0.1 0.3 2 1.0 0 downstream
851 1 4307 0.17392421 5.0 5e-05 33.575351 1.0 0.1 0.3 2 1.0 0 downstream
852 1 4309 17.79824444 5.0 5e-05 33.574852 1.0 0.1 0.3 2 1.0 0 downstream
853 1 4312 14.65794615 5.0 5e-05 33.574352999999995 1.0 0.1 0.3 2 1.0 0 downstream
854 1 4313 3.14029829 5.0 5e-05 33.573854 1.0 0.1 0.3 2 1.0 0 downstream
855 1 4315 17.79824444 5.0 5e-05 33.573355 1.0 0.1 0.3 2 1.0 0 downstream
856 1 4320 16.59098869 5.0 5e-05 33.572856 1.0 0.1 0.3 2 1.0 0 downstream
857 1 4322 1.52140247 5.0 5e-05 33.572357 1.0 0.1 0.3 2 1.0 0 downstream
858 1 4325 14.58447888 5.0 5e-05 33.571858 1.0 0.1 0.3 2 1.0 0 downstream
859 1 4328 16.10588135 5.0 5e-05 33.571359 1.0 0.1 0.3 2 1.0 0 downstream
860 1 4330 16.10588135 5.0 5e-05 33.570859999999996 1.0 0.1 0.3 2 1.0 0 downstream
861 1 4337 16.10588135 5.0 5e-05 33.570361 1.0 0.1 0.3 2 1.0 0 downstream
862 1 4339 1.52140247 5.0 5e-05 33.569862 1.0 0.1 0.3 2 1.0 0 downstream
863 1 4340 14.58447888 5.0 5e-05 33.569362999999996 1.0 0.1 0.3 2 1.0 0 downstream
864 1 4343 16.10588135 5.0 5e-05 33.568864 1.0 0.1 0.3 2 1.0 0 downstream
865 1 4345 16.10588135 5.0 5e-05 33.568365 1.0 0.1 0.3 2 1.0 0 downstream
866 1 4429 16.10588135 5.0 5e-05 33.567865999999995 1.0 0.1 0.3 2 1.0 0 downstream
867 1 4431 1.52140247 5.0 5e-05 33.567367 1.0 0.1 0.3 2 1.0 0 downstream
868 1 4436 14.58447888 5.0 5e-05 33.566868 1.0 0.1 0.3 2 1.0 0 downstream
869 1 4439 16.10588135 5.0 5e-05 33.566368999999995 1.0 0.1 0.3 2 1.0 0 downstream
870 1 4441 16.10588135 5.0 5e-05 33.56587 1.0 0.1 0.3 2 1.0 0 downstream
871 1 4448 16.10588135 5.0 5e-05 33.565371 1.0 0.1 0.3 2 1.0 0 downstream
872 1 4450 1.52140247 5.0 5e-05 33.564872 1.0 0.1 0.3 2 1.0 0 downstream
873 1 4451 14.36141264 5.0 5e-05 33.564372999999996 1.0 0.1 0.3 2 1.0 0 downstream
874 1 4454 15.72115475 5.0 5e-05 33.563874 1.0 0.1 0.3 2 1.0 0 downstream
875 1 4456 15.72115475 5.0 5e-05 33.563375 1.0 0.1 0.3 2 1.0 0 downstream
876 1 4467 15.72115475 5.0 5e-05 33.562875999999996 1.0 0.1 0.3 2 1.0 0 downstream
877 1 4469 15.72115475 5.0 5e-05 33.562377 1.0 0.1 0.3 2 1.0 0 downstream
878 1 4472 15.72115475 5.0 5e-05 33.561878 1.0 0.1 0.3 2 1.0 0 downstream
879 1 4474 15.72115475 5.0 5e-05 33.561378999999995 1.0 0.1 0.3 2 1.0 0 downstream
880 1 4481 15.72115475 5.0 5e-05 33.56088 1.0 0.1 0.3 2 1.0 0 downstream
881 1 4483 10.80509333 5.0 5e-05 33.560381 1.0 0.1 0.3 2 1.0 0 downstream
882 1 4486 4.91606142 5.0 5e-05 33.559881999999995 1.0 0.1 0.3 2 1.0 0 downstream
883 1 4489 15.72115475 5.0 5e-05 33.559383 1.0 0.1 0.3 2 1.0 0 downstream
884 1 4491 15.72115475 5.0 5e-05 33.558884 1.0 0.1 0.3 2 1.0 0 downstream
885 1 4530 15.72115475 5.0 5e-05 33.558385 1.0 0.1 0.3 2 1.0 0 downstream
886 1 4532 15.72115475 5.0 5e-05 33.557885999999996 1.0 0.1 0.3 2 1.0 0 downstream
887 1 4535 15.72115475 5.0 5e-05 33.557387 1.0 0.1 0.3 2 1.0 0 downstream
888 1 4537 15.72115475 5.0 5e-05 33.556888 1.0 0.1 0.3 2 1.0 0 downstream
889 1 4541 15.72115475 5.0 5e-05 33.556388999999996 1.0 0.1 0.3 2 1.0 0 downstream
890 1 4543 15.72115475 5.0 5e-05 33.55589 1.0 0.1 0.3 2 1.0 0 downstream
891 1 4546 10.80509333 5.0 5e-05 33.555391 1.0 0.1 0.3 2 1.0 0 downstream
892 1 4547 4.91606142 5.0 5e-05 33.554891999999995 1.0 0.1 0.3 2 1.0 0 downstream
893 1 4549 15.72115475 5.0 5e-05 33.554393 1.0 0.1 0.3 2 1.0 0 downstream
894 1 4563 15.72115475 5.0 5e-05 33.553894 1.0 0.1 0.3 2 1.0 0 downstream
895 1 4565 15.72115475 5.0 5e-05 33.553394999999995 1.0 0.1 0.3 2 1.0 0 downstream
896 1 4568 15.72115475 5.0 5e-05 33.552896 1.0 0.1 0.3 2 1.0 0 downstream
897 1 4569 7.01562932 5.0 5e-05 33.552397 1.0 0.1 0.3 2 1.0 0 downstream
898 1 4570 8.70552543 5.0 5e-05 33.551898 1.0 0.1 0.3 2 1.0 0 downstream
899 1 4573 15.72115475 5.0 5e-05 33.551398999999996 1.0 0.1 0.3 2 1.0 0 downstream
900 1 4575 15.72115475 5.0 5e-05 33.5509 1.0 0.1 0.3 2 1.0 0 downstream
901 1 4578 15.72115475 5.0 5e-05 33.550401 1.0 0.1 0.3 2 1.0 0 downstream
902 1 4580 15.72115475 5.0 5e-05 33.549901999999996 1.0 0.1 0.3 2 1.0 0 downstream
903 1 4634 15.72115475 5.0 5e-05 33.549403 1.0 0.1 0.3 2 1.0 0 downstream
904 1 4636 15.72115475 5.0 5e-05 33.548904 1.0 0.1 0.3 2 1.0 0 downstream
905 1 4641 11.2490448 5.0 5e-05 33.548404999999995 1.0 0.1 0.3 2 1.0 0 downstream
906 1 4642 15.76575889 5.0 5e-05 33.547906 1.0 0.1 0.3 2 1.0 0 downstream
907 1 4644 5.99360661 5.0 5e-05 33.547407 1.0 0.1 0.3 2 1.0 0 downstream
908 1 4652 6.32257297 5.0 5e-05 33.546907999999995 1.0 0.1 0.3 2 1.0 0 downstream
909 1 4654 17.24265141 5.0 5e-05 33.546409 1.0 0.1 0.3 2 1.0 0 downstream
910 1 4655 8.78580889 5.0 5e-05 33.54591 1.0 0.1 0.3 2 1.0 0 downstream
911 1 4656 8.45684253 5.0 5e-05 33.545411 1.0 0.1 0.3 2 1.0 0 downstream
912 1 4658 17.24265141 5.0 5e-05 33.544912 1.0 0.1 0.3 2 1.0 0 downstream
913 1 4660 10.92007844 5.0 5e-05 33.544413 1.0 0.1 0.3 2 1.0 0 downstream
914 1 4672 17.24265141 5.0 5e-05 33.543914 1.0 0.1 0.3 2 1.0 0 downstream
915 1 4673 3.85933705 5.0 5e-05 33.543414999999996 1.0 0.1 0.3 2 1.0 0 downstream
916 1 4674 13.38331436 5.0 5e-05 33.542916 1.0 0.1 0.3 2 1.0 0 downstream
917 1 4678 1.39610114 5.0 5e-05 33.542417 1.0 0.1 0.3 2 1.0 0 downstream
918 1 4679 17.24265141 5.0 5e-05 33.541917999999995 1.0 0.1 0.3 2 1.0 0 downstream
919 1 4681 15.84655028 5.0 5e-05 33.541419 1.0 0.1 0.3 2 1.0 0 downstream
920 1 4688 17.24265141 5.0 5e-05 33.54092 1.0 0.1 0.3 2 1.0 0 downstream
921 1 4690 17.24265141 5.0 5e-05 33.540420999999995 1.0 0.1 0.3 2 1.0 0 downstream
922 1 4692 16.17551664 5.0 5e-05 33.539922 1.0 0.1 0.3 2 1.0 0 downstream
923 1 4693 1.06713478 5.0 5e-05 33.539423 1.0 0.1 0.3 2 1.0 0 downstream
924 1 4694 17.24265141 5.0 5e-05 33.538923999999994 1.0 0.1 0.3 2 1.0 0 downstream
925 1 4733 13.71228072 5.0 5e-05 33.538425 1.0 0.1 0.3 2 1.0 0 downstream
926 1 4735 17.24265141 5.0 5e-05 33.537926 1.0 0.1 0.3 2 1.0 0 downstream
927 1 4737 11.2490448 5.0 5e-05 33.537427 1.0 0.1 0.3 2 1.0 0 downstream
928 1 4738 5.99360661 5.0 5e-05 33.536927999999996 1.0 0.1 0.3 2 1.0 0 downstream
929 1 4739 16.76961692 5.0 5e-05 33.536429 1.0 0.1 0.3 2 1.0 0 downstream
930 1 4746 1.1266258 5.0 5e-05 33.53593 1.0 0.1 0.3 2 1.0 0 downstream
931 1 4748 16.47019615 5.0 5e-05 33.535430999999996 1.0 0.1 0.3 2 1.0 0 downstream
932 1 4749 15.34357035 5.0 5e-05 33.534932 1.0 0.1 0.3 2 1.0 0 downstream
933 1 4754 16.47019615 5.0 5e-05 33.534433 1.0 0.1 0.3 2 1.0 0 downstream
934 1 4755 1.1266258 5.0 5e-05 33.533933999999995 1.0 0.1 0.3 2 1.0 0 downstream
935 1 4756 15.34357035 5.0 5e-05 33.533435 1.0 0.1 0.3 2 1.0 0 downstream
936 1 4766 16.47019615 5.0 5e-05 33.532936 1.0 0.1 0.3 2 1.0 0 downstream
937 1 4768 16.43520684 5.0 5e-05 33.532436999999994 1.0 0.1 0.3 2 1.0 0 downstream
938 1 4771 15.70293066 5.0 5e-05 33.531938 1.0 0.1 0.3 2 1.0 0 downstream
939 1 4773 15.70293066 5.0 5e-05 33.531439 1.0 0.1 0.3 2 1.0 0 downstream
940 1 4780 12.37820593 5.0 5e-05 33.53094 1.0 0.1 0.3 2 1.0 0 downstream
941 1 4783 15.70293066 5.0 5e-05 33.530440999999996 1.0 0.1 0.3 2 1.0 0 downstream
942 1 4785 15.70293066 5.0 5e-05 33.529942 1.0 0.1 0.3 2 1.0 0 downstream
943 1 4786 15.70293066 5.0 5e-05 33.529443 1.0 0.1 0.3 2 1.0 0 downstream
944 1 4788 3.32472473 5.0 5e-05 33.528943999999996 1.0 0.1 0.3 2 1.0 0 downstream
945 1 4793 3.53037069 5.0 5e-05 33.528445 1.0 0.1 0.3 2 1.0 0 downstream
946 1 4839 15.70293066 5.0 5e-05 33.527946 1.0 0.1 0.3 2 1.0 0 downstream
947 1 4841 15.70293066 5.0 5e-05 33.527446999999995 1.0 0.1 0.3 2 1.0 0 downstream
948 1 4844 15.70293066 5.0 5e-05 33.526948 1.0 0.1 0.3 2 1.0 0 downstream
949 1 4846 15.70293066 5.0 5e-05 33.526449 1.0 0.1 0.3 2 1.0 0 downstream
950 1 4853 15.69506144 5.0 5e-05 33.525949999999995 1.0 0.1 0.3 2 1.0 0 downstream
951 1 4855 15.625 5.0 5e-05 33.525451 1.0 0.1 0.3 2 1.0 0 downstream
952 1 4858 15.625 5.0 5e-05 33.524952 1.0 0.1 0.3 2 1.0 0 downstream
953 1 4860 15.625 5.0 5e-05 33.524453 1.0 0.1 0.3 2 1.0 0 downstream
954 1 4871 15.625 5.0 5e-05 33.523953999999996 1.0 0.1 0.3 2 1.0 0 downstream
955 1 4873 15.625 5.0 5e-05 33.523455 1.0 0.1 0.3 2 1.0 0 downstream
956 1 4876 15.625 5.0 5e-05 33.522956 1.0 0.1 0.3 2 1.0 0 downstream
957 1 4878 15.625 5.0 5e-05 33.522456999999996 1.0 0.1 0.3 2 1.0 0 downstream
958 1 4885 15.625 5.0 5e-05 33.521958 1.0 0.1 0.3 2 1.0 0 downstream
959 1 4887 15.625 5.0 5e-05 33.521459 1.0 0.1 0.3 2 1.0 0 downstream
960 1 4890 15.625 5.0 5e-05 33.520959999999995 1.0 0.1 0.3 2 1.0 0 downstream
961 1 4892 15.625 5.0 5e-05 33.520461 1.0 0.1 0.3 2 1.0 0 downstream
962 1 4934 15.625 5.0 5e-05 33.519962 1.0 0.1 0.3 2 1.0 0 downstream
963 1 4936 15.625 5.0 5e-05 33.519462999999995 1.0 0.1 0.3 2 1.0 0 downstream
964 1 4939 15.625 5.0 5e-05 33.518964 1.0 0.1 0.3 2 1.0 0 downstream
965 1 4941 15.625 5.0 5e-05 33.518465 1.0 0.1 0.3 2 1.0 0 downstream
966 1 4948 15.625 5.0 5e-05 33.517966 1.0 0.1 0.3 2 1.0 0 downstream
967 1 4950 15.625 5.0 5e-05 33.517466999999996 1.0 0.1 0.3 2 1.0 0 downstream
968 1 4953 15.84971921 5.0 5e-05 33.516968 1.0 0.1 0.3 2 1.0 0 downstream
969 1 4954 8.78513641 5.0 5e-05 33.516469 1.0 0.1 0.3 2 1.0 0 downstream
970 1 4955 7.22101717 5.0 5e-05 33.515969999999996 1.0 0.1 0.3 2 1.0 0 downstream
971 1 4971 16.00615357 5.0 5e-05 33.515471 1.0 0.1 0.3 2 1.0 0 downstream
972 1 4973 16.00615357 5.0 5e-05 33.514972 1.0 0.1 0.3 2 1.0 0 downstream
973 1 4978 0.78205962 5.0 5e-05 33.514472999999995 1.0 0.1 0.3 2 1.0 0 downstream
974 1 4979 16.00615357 5.0 5e-05 33.513974 1.0 0.1 0.3 2 1.0 0 downstream
975 1 4981 15.22409395 5.0 5e-05 33.513475 1.0 0.1 0.3 2 1.0 0 downstream
976 1 4988 16.00615357 5.0 5e-05 33.512975999999995 1.0 0.1 0.3 2 1.0 0 downstream
977 1 4990 16.00615357 5.0 5e-05 33.512477 1.0 0.1 0.3 2 1.0 0 downstream
978 1 4993 16.00615357 5.0 5e-05 33.511978 1.0 0.1 0.3 2 1.0 0 downstream
979 1 4995 16.00615357 5.0 5e-05 33.511478999999994 1.0 0.1 0.3 2 1.0 0 downstream
980 1 5034 2.75833831 5.0 5e-05 33.510979999999996 1.0 0.1 0.3 2 1.0 0 downstream
981 1 5037 18.67713781 5.0 5e-05 33.510481 1.0 0.1 0.3 2 1.0 0 downstream
982 1 5038 7.25161564 5.0 5e-05 33.509982 1.0 0.1 0.3 2 1.0 0 downstream
983 1 5039 11.22851817 5.0 5e-05 33.509482999999996 1.0 0.1 0.3 2 1.0 0 downstream
984 1 5043 18.22172467 5.0 5e-05 33.508984 1.0 0.1 0.3 2 1.0 0 downstream
985 1 5045 8.00501507 5.0 5e-05 33.508485 1.0 0.1 0.3 2 1.0 0 downstream
986 1 5048 12.6023934 5.0 5e-05 33.507985999999995 1.0 0.1 0.3 2 1.0 0 downstream
987 1 5049 5.37872245 5.0 5e-05 33.507487 1.0 0.1 0.3 2 1.0 0 downstream
988 1 5050 15.9187995 5.0 5e-05 33.506988 1.0 0.1 0.3 2 1.0 0 downstream
989 1 5058 10.21670961 5.0 5e-05 33.506488999999995 1.0 0.1 0.3 2 1.0 0 downstream
990 1 5061 18.22172467 5.0 5e-05 33.50599 1.0 0.1 0.3 2 1.0 0 downstream
991 1 5063 1.93110684 5.0 5e-05 33.505491 1.0 0.1 0.3 2 1.0 0 downstream
992 1 5064 14.36409624 5.0 5e-05 33.504991999999994 1.0 0.1 0.3 2 1.0 0 downstream
993 1 5078 15.88214083 5.0 5e-05 33.504493 1.0 0.1 0.3 2 1.0 0 downstream
994 1 5080 15.88214083 5.0 5e-05 33.503994 1.0 0.1 0.3 2 1.0 0 downstream
995 1 5083 15.88214083 5.0 5e-05 33.503495 1.0 0.1 0.3 2 1.0 0 downstream
996 1 5085 15.7255868 5.0 5e-05 33.502995999999996 1.0 0.1 0.3 2 1.0 0 downstream
997 1 5089 15.63914027 5.0 5e-05 33.502497 1.0 0.1 0.3 2 1.0 0 downstream
998 1 5091 15.63914027 5.0 5e-05 33.501998 1.0 0.1 0.3 2 1.0 0 downstream
999 1 5094 15.63914027 5.0 5e-05 33.501498999999995 1.0 0.1 0.3 2 1.0 0 downstream
1000 1 5096 15.63914027 5.0 5e-05 33.501 1.0 0.1 0.3 1 1.0 0 downstream
